N 0 2 9 14 16 20 22 23
N 1 2 5 14 16 22
G 2 2 9 14 15 20 24
N 3 2 8 14 16 20 23
G 4 2 9 14 19 20 22 23 24
G 5 2 9 14 17 22 23 24
N 6 0 9 14 19 20 21 22
G 7 2 5 14 19 22 24
N 8 0 9 14 17 21 22
G 9 4 9 14 19 20 21 22 23 24
G 10 1 9 14 19 21 22 23 24
G 11 3 9 14 19 20 21 23 24
G 12 2 8 14 19 20 23 24
N 13 2 6 14 19 20 22 23
G 14 4 9 14 17 21 22 23 24
G 15 3 9 14 17 21 23 24
G 16 4 5 14 19 21 22 24
G 17 4 9 10 19 20 22 24
G 18 4 9 14 15 20 21 24
G 19 1 9 10 19 22 24
G 20 1 9 14 15 21 24
G 21 3 5 14 19 21 24
G 22 3 9 10 19 20 24
N 23 0 8 14 19 20 21
N 24 2 6 14 15 20
G 25 4 9 10 17 22 24
G 26 3 9 10 17 24
G 27 4 7 14 19 20 22 23 24
G 28 4 8 14 19 20 21 23 24
N 29 4 6 14 19 20 21 22 23
G 30 4 9 12 19 21 22 23 24
G 31 4 9 13 19 20 21 23 24
N 32 4 9 11 19 20 21 22 23
G 33 4 9 14 18 20 22 23 24
N 34 4 9 14 16 20 21 22 23
G 35 1 9 13 19 21 23 24
N 36 1 9 11 19 21 22 23
G 37 1 9 14 18 22 23 24
N 38 1 9 14 16 21 22 23
G 39 3 7 14 19 20 23 24
N 40 3 6 14 19 20 21 23
G 41 3 9 12 19 21 23 24
N 42 3 9 11 19 20 21 23
G 43 1 8 14 19 21 23 24
N 44 2 6 14 17 22 23
G 45 4 9 13 17 21 23 24
N 46 4 9 11 17 21 22 23
N 47 3 9 11 17 21 23
N 48 0 7 14 19 20 22
G 49 4 7 14 15 20 24
G 50 4 8 10 19 20 24
N 51 4 6 10 19 20 22
N 52 4 6 14 15 20 21
N 53 0 9 12 19 21 22
G 54 4 9 12 15 21 24
N 55 0 9 13 19 20 21
G 56 4 5 13 19 21 24
N 57 4 5 11 19 21 22
N 58 4 9 11 15 20 21
N 59 0 9 14 18 20 22
G 60 4 5 14 18 22 24
N 61 4 5 14 16 21 22
N 62 4 9 10 16 20 22
N 63 1 9 11 15 21
N 64 1 9 10 16 22
N 65 3 6 10 19 20
N 66 3 5 11 19 21
G 67 1 8 10 19 24
N 68 0 9 13 17 21
G 69 1 7 14 19 22 23 24
G 70 4 7 14 17 22 23 24
N 71 4 7 14 16 20 22 23
G 72 4 8 12 19 21 23 24
N 73 4 8 11 19 20 21 23
N 74 4 6 12 19 21 22 23
N 75 4 6 13 19 20 21 23
N 76 4 6 14 17 21 22 23
N 77 4 6 14 18 20 22 23
G 78 2 9 12 19 22 23 24
G 79 4 9 12 18 22 23 24
N 80 4 9 12 16 21 22 23
G 81 2 9 13 19 20 23 24
G 82 4 7 13 19 20 23 24
N 83 4 7 11 19 20 22 23
N 84 4 9 11 18 20 22 23
G 85 3 9 14 18 20 23 24
G 86 4 8 14 18 20 23 24
N 87 4 8 14 16 20 21 23
N 88 4 9 13 16 20 21 23
N 89 1 9 11 18 22 23
N 90 1 9 13 16 21 23
N 91 3 6 12 19 21 23
N 92 3 7 11 19 20 23
N 93 1 8 11 19 21 23
G 94 2 9 13 17 23 24
G 95 1 7 14 15 24
N 96 0 7 14 17 22
N 97 0 8 12 19 21
N 98 4 6 12 15 21
N 99 4 6 10 17 22
G 100 2 9 12 15 24
N 101 0 9 12 18 22
G 102 2 5 13 19 24
N 103 0 7 13 19 20
N 104 4 7 11 15 20
N 105 4 5 11 18 22
G 106 3 5 14 18 24
N 107 0 8 14 18 20
N 108 4 8 10 16 20
N 109 4 5 13 16 21
N 110 1 7 14 16 22 23
G 111 3 7 14 17 23 24
G 112 2 8 12 19 23 24
N 113 4 6 12 18 22 23
N 114 4 6 13 17 21 23
N 115 2 9 12 16 22 23
G 116 3 9 12 18 23 24
N 117 2 6 13 19 20 23
G 118 1 7 13 19 23 24
N 119 4 7 11 17 22 23
N 120 4 8 11 18 20 23
N 121 3 6 14 18 20 23
G 122 1 8 14 18 23 24
N 123 4 8 12 16 21 23
N 124 4 7 13 16 20 23
