0 1
1 0
1 2
2 3
2 1
3 4
3 2
3 5
4 3
4 6
4 7
5 3
5 8
6 9
6 10
6 4
6 11
7 12
7 13
7 4
8 14
8 15
8 5
9 16
9 6
9 17
9 18
10 6
10 19
10 20
11 21
11 6
11 22
12 23
12 7
13 24
13 7
14 16
14 8
14 25
15 8
15 26
16 9
16 27
16 28
16 14
17 9
17 29
17 30
17 31
18 32
18 33
18 34
18 9
19 10
19 35
19 36
20 37
20 38
20 10
21 11
21 39
21 40
22 11
22 41
22 42
23 32
23 12
23 43
24 13
24 44
25 14
25 45
25 46
26 15
26 47
27 16
27 48
27 49
28 16
28 50
28 51
29 52
29 17
29 53
30 54
30 17
30 55
31 56
31 57
31 17
32 23
32 58
32 18
33 59
33 60
33 18
34 61
34 62
34 18
35 19
35 63
36 57
36 19
37 64
37 20
38 62
38 20
39 21
39 65
40 21
40 50
41 52
41 22
42 66
42 22
43 23
43 67
44 24
45 68
45 25
46 54
46 25
47 26
48 27
48 69
48 70
49 71
49 72
49 27
50 28
50 73
50 40
51 74
51 75
51 28
52 29
52 76
52 41
53 77
53 78
53 29
54 30
54 79
54 46
55 80
55 81
55 30
56 31
56 70
56 82
57 31
57 36
57 83
58 32
58 80
58 84
59 33
59 75
59 85
60 33
60 77
60 86
61 34
61 72
61 87
62 34
62 38
62 88
63 89
63 35
64 37
64 90
65 39
65 91
66 42
66 92
67 43
67 93
68 45
68 94
69 48
69 95
70 56
70 48
71 96
71 49
72 61
72 49
73 50
73 97
74 98
74 51
75 59
75 51
76 52
76 99
77 60
77 53
78 100
78 53
79 54
79 101
80 58
80 55
81 102
81 55
82 56
82 103
83 104
83 57
84 105
84 58
85 59
85 106
86 107
86 60
87 61
87 108
88 109
88 62
89 63
90 64
91 65
92 66
93 67
94 68
95 110
95 69
96 71
96 111
97 112
97 73
98 74
98 113
99 114
99 76
100 78
100 115
101 116
101 79
102 81
102 117
103 82
103 118
104 83
104 119
105 84
105 120
106 85
106 121
107 86
107 122
108 87
108 123
109 88
109 124
110 95
111 96
112 97
113 98
114 99
115 100
116 101
117 102
118 103
119 104
120 105
121 106
122 107
123 108
124 109
