0 1
0 2
1 0
1 3
2 4
2 5
2 0
3 1
4 6
4 7
4 2
5 8
5 2
6 9
6 10
6 4
6 11
7 4
7 12
7 13
8 14
8 5
8 15
9 6
9 16
9 17
9 18
10 6
10 19
10 20
11 6
11 21
11 22
12 23
12 7
13 7
13 24
14 8
14 25
14 18
15 8
15 26
16 9
16 27
16 28
16 29
17 9
17 30
17 31
17 32
18 9
18 14
18 33
18 34
19 10
19 35
19 36
20 10
20 37
20 38
21 11
21 39
21 40
22 11
22 41
22 42
23 28
23 43
23 12
24 13
24 44
25 14
25 45
25 46
26 15
26 47
27 48
27 16
27 49
28 23
28 16
28 50
29 16
29 51
29 52
30 53
30 17
30 54
31 55
31 56
31 17
32 57
32 17
32 58
33 59
33 60
33 18
34 61
34 62
34 18
35 55
35 19
36 19
36 63
37 59
37 20
38 64
38 20
39 48
39 21
40 21
40 65
41 53
41 22
42 66
42 22
43 23
43 67
44 24
45 68
45 25
46 25
46 58
47 26
48 27
48 69
48 39
49 27
49 70
49 71
50 28
50 72
50 73
51 29
51 74
51 75
52 29
52 76
52 77
53 30
53 78
53 41
54 30
54 79
54 80
55 31
55 35
55 81
56 31
56 82
56 75
57 32
57 83
57 73
58 32
58 46
58 84
59 33
59 37
59 85
60 33
60 86
60 77
61 34
61 71
61 87
62 34
62 80
62 88
63 36
63 89
64 38
64 90
65 40
65 91
66 42
66 92
67 43
67 93
68 45
68 94
69 48
69 95
70 96
70 49
71 61
71 49
72 97
72 50
73 57
73 50
74 51
74 98
75 56
75 51
76 99
76 52
77 60
77 52
78 53
78 100
79 101
79 54
80 62
80 54
81 55
81 102
82 103
82 56
83 57
83 104
84 105
84 58
85 59
85 106
86 107
86 60
87 61
87 108
88 109
88 62
89 63
90 64
91 65
92 66
93 67
94 68
95 69
95 110
96 70
96 111
97 72
97 112
98 74
98 113
99 76
99 114
100 78
100 115
101 79
101 116
102 81
102 117
103 82
103 118
104 83
104 119
105 84
105 120
106 85
106 121
107 86
107 122
108 87
108 123
109 88
109 124
110 95
111 96
112 97
113 98
114 99
115 100
116 101
117 102
118 103
119 104
120 105
121 106
122 107
123 108
124 109
