N 0 0 7 13 14 16 18 20 22
N 1 1 7 13 14 16 18 20 22
N 2 0 2 13 16 18 20 22
N 3 0 3 13 14 18 20 22
N 4 0 4 13 14 16 20 22
N 5 0 5 13 14 16 18 22
N 6 0 6 13 14 16 18 20
N 7 0 7 8 16 18 20 22
N 8 0 7 9 14 18 20 22
N 9 0 7 10 14 16 20 22
N 10 0 7 11 14 16 18 22
N 11 0 7 12 14 16 18 20
N 12 1 2 13 16 18 20 22
N 13 0 2 9 18 20 22
N 14 0 2 10 16 20 22
N 15 0 2 11 16 18 22
N 16 0 2 12 16 18 20
N 17 1 3 13 14 18 20 22
N 18 0 3 8 18 20 22
N 19 0 3 10 14 20 22
N 20 0 3 11 14 18 22
N 21 0 3 12 14 18 20
N 22 1 4 13 14 16 20 22
N 23 0 4 8 16 20 22
N 24 0 4 9 14 20 22
N 25 0 4 11 14 16 22
N 26 0 4 12 14 16 20
N 27 1 5 13 14 16 18 22
N 28 0 5 8 16 18 22
N 29 0 5 9 14 18 22
N 30 0 5 10 14 16 22
N 31 0 5 12 14 16 18
N 32 1 6 13 14 16 18 20
N 33 0 6 8 16 18 20
N 34 0 6 9 14 18 20
N 35 0 6 10 14 16 20
N 36 0 6 11 14 16 18
N 37 1 7 8 16 18 20 22
N 38 1 7 9 14 18 20 22
N 39 1 7 10 14 16 20 22
N 40 1 7 11 14 16 18 22
N 41 1 7 12 14 16 18 20
N 42 1 7 13 15 16 18 20 22
N 43 1 2 9 18 20 22
N 44 1 2 10 16 20 22
N 45 1 2 11 16 18 22
N 46 1 2 12 16 18 20
N 47 1 7 13 14 17 18 20 22
N 48 1 3 8 18 20 22
N 49 1 3 10 14 20 22
N 50 1 3 11 14 18 22
N 51 1 3 12 14 18 20
N 52 1 7 13 14 16 19 20 22
N 53 1 4 8 16 20 22
N 54 1 4 9 14 20 22
N 55 1 4 11 14 16 22
N 56 1 4 12 14 16 20
N 57 1 7 13 14 16 18 21 22
N 58 1 5 8 16 18 22
N 59 1 5 9 14 18 22
N 60 1 5 10 14 16 22
N 61 1 5 12 14 16 18
N 62 1 7 13 14 16 18 20 23
N 63 1 6 8 16 18 20
N 64 1 6 9 14 18 20
N 65 1 6 10 14 16 20
N 66 1 6 11 14 16 18
N 67 0 7 13 15 16 18 20 22
N 68 1 7 9 15 18 20 22
N 69 1 2 13 17 18 20 22
N 70 1 7 10 15 16 20 22
N 71 1 2 13 16 19 20 22
N 72 1 7 11 15 16 18 22
N 73 1 2 13 16 18 21 22
N 74 1 7 12 15 16 18 20
N 75 1 2 13 16 18 20 23
N 76 0 7 13 14 17 18 20 22
N 77 1 7 8 17 18 20 22
N 78 1 3 13 15 18 20 22
N 79 1 7 10 14 17 20 22
N 80 1 3 13 14 19 20 22
N 81 1 7 11 14 17 18 22
N 82 1 3 13 14 18 21 22
N 83 1 7 12 14 17 18 20
N 84 1 3 13 14 18 20 23
N 85 0 7 13 14 16 19 20 22
N 86 1 7 8 16 19 20 22
N 87 1 4 13 15 16 20 22
N 88 1 7 9 14 19 20 22
N 89 1 4 13 14 17 20 22
N 90 1 7 11 14 16 19 22
N 91 1 4 13 14 16 21 22
N 92 1 7 12 14 16 19 20
N 93 1 4 13 14 16 20 23
N 94 0 7 13 14 16 18 21 22
N 95 1 7 8 16 18 21 22
N 96 1 5 13 15 16 18 22
N 97 1 7 9 14 18 21 22
N 98 1 5 13 14 17 18 22
N 99 1 7 10 14 16 21 22
N 100 1 5 13 14 16 19 22
N 101 1 7 12 14 16 18 21
N 102 1 5 13 14 16 18 23
N 103 0 7 13 14 16 18 20 23
N 104 1 7 8 16 18 20 23
N 105 1 6 13 15 16 18 20
N 106 1 7 9 14 18 20 23
N 107 1 6 13 14 17 18 20
N 108 1 7 10 14 16 20 23
N 109 1 6 13 14 16 19 20
N 110 1 7 11 14 16 18 23
N 111 1 6 13 14 16 18 21
N 112 0 3 13 15 18 20 22
N 113 0 4 13 15 16 20 22
N 114 0 5 13 15 16 18 22
N 115 0 6 13 15 16 18 20
N 116 0 7 9 15 18 20 22
N 117 0 7 10 15 16 20 22
N 118 0 7 11 15 16 18 22
N 119 0 7 12 15 16 18 20
N 120 1 7 13 15 17 18 20 22
N 121 0 2 13 17 18 20 22
N 122 1 7 13 15 16 19 20 22
N 123 0 2 13 16 19 20 22
N 124 1 7 13 15 16 18 21 22
N 125 0 2 13 16 18 21 22
N 126 1 7 13 15 16 18 20 23
N 127 0 2 13 16 18 20 23
N 128 0 4 13 14 17 20 22
N 129 0 5 13 14 17 18 22
N 130 0 6 13 14 17 18 20
N 131 0 7 8 17 18 20 22
N 132 0 7 10 14 17 20 22
N 133 0 7 11 14 17 18 22
N 134 0 7 12 14 17 18 20
N 135 1 7 13 14 17 19 20 22
N 136 0 3 13 14 19 20 22
N 137 1 7 13 14 17 18 21 22
N 138 0 3 13 14 18 21 22
N 139 1 7 13 14 17 18 20 23
N 140 0 3 13 14 18 20 23
N 141 0 5 13 14 16 19 22
N 142 0 6 13 14 16 19 20
N 143 0 7 8 16 19 20 22
N 144 0 7 9 14 19 20 22
N 145 0 7 11 14 16 19 22
N 146 0 7 12 14 16 19 20
N 147 1 7 13 14 16 19 21 22
N 148 0 4 13 14 16 21 22
N 149 1 7 13 14 16 19 20 23
N 150 0 4 13 14 16 20 23
N 151 0 6 13 14 16 18 21
N 152 0 7 8 16 18 21 22
N 153 0 7 9 14 18 21 22
N 154 0 7 10 14 16 21 22
N 155 0 7 12 14 16 18 21
N 156 1 7 13 14 16 18 21 23
N 157 0 5 13 14 16 18 23
N 158 0 7 8 16 18 20 23
N 159 0 7 9 14 18 20 23
N 160 0 7 10 14 16 20 23
N 161 0 7 11 14 16 18 23
N 162 0 3 10 15 20 22
N 163 0 3 11 15 18 22
N 164 0 3 12 15 18 20
N 165 0 4 9 15 20 22
N 166 0 4 11 15 16 22
N 167 0 4 12 15 16 20
N 168 0 5 9 15 18 22
N 169 0 5 10 15 16 22
N 170 0 5 12 15 16 18
N 171 0 6 9 15 18 20
N 172 0 6 10 15 16 20
N 173 0 6 11 15 16 18
N 174 0 7 13 15 17 18 20 22
N 175 0 2 10 17 20 22
N 176 0 2 11 17 18 22
N 177 0 2 12 17 18 20
N 178 0 7 13 15 16 19 20 22
N 179 0 2 9 19 20 22
N 180 0 2 11 16 19 22
N 181 0 2 12 16 19 20
N 182 0 7 13 15 16 18 21 22
N 183 0 2 9 18 21 22
N 184 0 2 10 16 21 22
N 185 0 2 12 16 18 21
N 186 0 7 13 15 16 18 20 23
N 187 0 2 9 18 20 23
N 188 0 2 10 16 20 23
N 189 0 2 11 16 18 23
N 190 0 4 8 17 20 22
N 191 0 4 11 14 17 22
N 192 0 4 12 14 17 20
N 193 0 5 8 17 18 22
N 194 0 5 10 14 17 22
N 195 0 5 12 14 17 18
N 196 0 6 8 17 18 20
N 197 0 6 10 14 17 20
N 198 0 6 11 14 17 18
N 199 0 7 13 14 17 19 20 22
N 200 0 3 8 19 20 22
N 201 0 3 11 14 19 22
N 202 0 3 12 14 19 20
N 203 0 7 13 14 17 18 21 22
N 204 0 3 8 18 21 22
N 205 0 3 10 14 21 22
N 206 0 3 12 14 18 21
N 207 0 7 13 14 17 18 20 23
N 208 0 3 8 18 20 23
N 209 0 3 10 14 20 23
N 210 0 3 11 14 18 23
N 211 0 5 8 16 19 22
N 212 0 5 9 14 19 22
N 213 0 5 12 14 16 19
N 214 0 6 8 16 19 20
N 215 0 6 9 14 19 20
N 216 0 6 11 14 16 19
N 217 0 7 13 14 16 19 21 22
N 218 0 4 8 16 21 22
N 219 0 4 9 14 21 22
N 220 0 4 12 14 16 21
N 221 0 7 13 14 16 19 20 23
N 222 0 4 8 16 20 23
N 223 0 4 9 14 20 23
N 224 0 4 11 14 16 23
N 225 0 6 8 16 18 21
N 226 0 6 9 14 18 21
N 227 0 6 10 14 16 21
N 228 0 7 13 14 16 18 21 23
N 229 0 5 8 16 18 23
N 230 0 5 9 14 18 23
N 231 0 5 10 14 16 23
N 232 1 3 10 15 20 22
N 233 1 3 11 15 18 22
N 234 1 3 12 15 18 20
N 235 1 4 9 15 20 22
N 236 1 4 11 15 16 22
N 237 1 4 12 15 16 20
N 238 1 5 9 15 18 22
N 239 1 5 10 15 16 22
N 240 1 5 12 15 16 18
N 241 1 6 9 15 18 20
N 242 1 6 10 15 16 20
N 243 1 6 11 15 16 18
N 244 0 4 13 15 17 20 22
N 245 0 5 13 15 17 18 22
N 246 0 6 13 15 17 18 20
N 247 0 7 10 15 17 20 22
N 248 0 7 11 15 17 18 22
N 249 0 7 12 15 17 18 20
N 250 1 2 10 17 20 22
N 251 1 2 11 17 18 22
N 252 1 2 12 17 18 20
N 253 0 3 13 15 19 20 22
N 254 0 5 13 15 16 19 22
N 255 0 6 13 15 16 19 20
N 256 0 7 9 15 19 20 22
N 257 0 7 11 15 16 19 22
N 258 0 7 12 15 16 19 20
N 259 1 2 9 19 20 22
N 260 1 2 11 16 19 22
N 261 1 2 12 16 19 20
N 262 0 3 13 15 18 21 22
N 263 0 4 13 15 16 21 22
N 264 0 6 13 15 16 18 21
N 265 0 7 9 15 18 21 22
N 266 0 7 10 15 16 21 22
N 267 0 7 12 15 16 18 21
N 268 1 2 9 18 21 22
N 269 1 2 10 16 21 22
N 270 1 2 12 16 18 21
N 271 0 3 13 15 18 20 23
N 272 0 4 13 15 16 20 23
N 273 0 5 13 15 16 18 23
N 274 0 7 9 15 18 20 23
N 275 0 7 10 15 16 20 23
N 276 0 7 11 15 16 18 23
N 277 1 2 9 18 20 23
N 278 1 2 10 16 20 23
N 279 1 2 11 16 18 23
N 280 1 4 8 17 20 22
N 281 1 4 11 14 17 22
N 282 1 4 12 14 17 20
N 283 1 5 8 17 18 22
N 284 1 5 10 14 17 22
N 285 1 5 12 14 17 18
N 286 1 6 8 17 18 20
N 287 1 6 10 14 17 20
N 288 1 6 11 14 17 18
N 289 0 2 13 17 19 20 22
N 290 0 5 13 14 17 19 22
N 291 0 6 13 14 17 19 20
N 292 0 7 8 17 19 20 22
N 293 0 7 11 14 17 19 22
N 294 0 7 12 14 17 19 20
N 295 1 3 8 19 20 22
N 296 1 3 11 14 19 22
N 297 1 3 12 14 19 20
N 298 0 2 13 17 18 21 22
N 299 0 4 13 14 17 21 22
N 300 0 6 13 14 17 18 21
N 301 0 7 8 17 18 21 22
N 302 0 7 10 14 17 21 22
N 303 0 7 12 14 17 18 21
N 304 1 3 8 18 21 22
N 305 1 3 10 14 21 22
N 306 1 3 12 14 18 21
N 307 0 2 13 17 18 20 23
N 308 0 4 13 14 17 20 23
N 309 0 5 13 14 17 18 23
N 310 0 7 8 17 18 20 23
N 311 0 7 10 14 17 20 23
N 312 0 7 11 14 17 18 23
N 313 1 3 8 18 20 23
N 314 1 3 10 14 20 23
N 315 1 3 11 14 18 23
N 316 1 5 8 16 19 22
N 317 1 5 9 14 19 22
N 318 1 5 12 14 16 19
N 319 1 6 8 16 19 20
N 320 1 6 9 14 19 20
N 321 1 6 11 14 16 19
N 322 0 2 13 16 19 21 22
N 323 0 3 13 14 19 21 22
N 324 0 6 13 14 16 19 21
N 325 0 7 8 16 19 21 22
N 326 0 7 9 14 19 21 22
N 327 0 7 12 14 16 19 21
N 328 1 4 8 16 21 22
N 329 1 4 9 14 21 22
N 330 1 4 12 14 16 21
N 331 0 2 13 16 19 20 23
N 332 0 3 13 14 19 20 23
N 333 0 5 13 14 16 19 23
N 334 0 7 8 16 19 20 23
N 335 0 7 9 14 19 20 23
N 336 0 7 11 14 16 19 23
N 337 1 4 8 16 20 23
N 338 1 4 9 14 20 23
N 339 1 4 11 14 16 23
N 340 1 6 8 16 18 21
N 341 1 6 9 14 18 21
N 342 1 6 10 14 16 21
N 343 0 2 13 16 18 21 23
N 344 0 3 13 14 18 21 23
N 345 0 4 13 14 16 21 23
N 346 0 7 8 16 18 21 23
N 347 0 7 9 14 18 21 23
N 348 0 7 10 14 16 21 23
N 349 1 5 8 16 18 23
N 350 1 5 9 14 18 23
N 351 1 5 10 14 16 23
N 352 1 7 10 15 17 20 22
N 353 1 3 13 15 19 20 22
N 354 1 7 11 15 17 18 22
N 355 1 3 13 15 18 21 22
N 356 1 7 12 15 17 18 20
N 357 1 3 13 15 18 20 23
N 358 1 7 9 15 19 20 22
N 359 1 4 13 15 17 20 22
N 360 1 7 11 15 16 19 22
N 361 1 4 13 15 16 21 22
N 362 1 7 12 15 16 19 20
N 363 1 4 13 15 16 20 23
N 364 1 7 9 15 18 21 22
N 365 1 5 13 15 17 18 22
N 366 1 7 10 15 16 21 22
N 367 1 5 13 15 16 19 22
N 368 1 7 12 15 16 18 21
N 369 1 5 13 15 16 18 23
N 370 1 7 9 15 18 20 23
N 371 1 6 13 15 17 18 20
N 372 1 7 10 15 16 20 23
N 373 1 6 13 15 16 19 20
N 374 1 7 11 15 16 18 23
N 375 1 6 13 15 16 18 21
N 376 0 4 11 15 17 22
N 377 0 4 12 15 17 20
N 378 0 5 10 15 17 22
N 379 0 5 12 15 17 18
N 380 0 6 10 15 17 20
N 381 0 6 11 15 17 18
N 382 1 2 13 17 19 20 22
N 383 1 2 13 17 18 21 22
N 384 1 2 13 17 18 20 23
N 385 0 3 11 15 19 22
N 386 0 3 12 15 19 20
N 387 0 5 9 15 19 22
N 388 0 5 12 15 16 19
N 389 0 6 9 15 19 20
N 390 0 6 11 15 16 19
N 391 1 2 13 16 19 21 22
N 392 1 2 13 16 19 20 23
N 393 0 3 10 15 21 22
N 394 0 3 12 15 18 21
N 395 0 4 9 15 21 22
N 396 0 4 12 15 16 21
N 397 0 6 9 15 18 21
N 398 0 6 10 15 16 21
N 399 1 2 13 16 18 21 23
N 400 0 3 10 15 20 23
N 401 0 3 11 15 18 23
N 402 0 4 9 15 20 23
N 403 0 4 11 15 16 23
N 404 0 5 9 15 18 23
N 405 0 5 10 15 16 23
N 406 1 7 8 17 19 20 22
N 407 1 7 11 14 17 19 22
N 408 1 4 13 14 17 21 22
N 409 1 7 12 14 17 19 20
N 410 1 4 13 14 17 20 23
N 411 1 7 8 17 18 21 22
N 412 1 7 10 14 17 21 22
N 413 1 5 13 14 17 19 22
N 414 1 7 12 14 17 18 21
N 415 1 5 13 14 17 18 23
N 416 1 7 8 17 18 20 23
N 417 1 7 10 14 17 20 23
N 418 1 6 13 14 17 19 20
N 419 1 7 11 14 17 18 23
N 420 1 6 13 14 17 18 21
N 421 0 2 11 17 19 22
N 422 0 2 12 17 19 20
N 423 0 5 8 17 19 22
N 424 0 5 12 14 17 19
N 425 0 6 8 17 19 20
N 426 0 6 11 14 17 19
N 427 1 3 13 14 19 21 22
N 428 1 3 13 14 19 20 23
N 429 0 2 10 17 21 22
N 430 0 2 12 17 18 21
N 431 0 4 8 17 21 22
N 432 0 4 12 14 17 21
N 433 0 6 8 17 18 21
N 434 0 6 10 14 17 21
N 435 1 3 13 14 18 21 23
N 436 0 2 10 17 20 23
N 437 0 2 11 17 18 23
N 438 0 4 8 17 20 23
N 439 0 4 11 14 17 23
N 440 0 5 8 17 18 23
N 441 0 5 10 14 17 23
N 442 1 7 8 16 19 21 22
N 443 1 7 9 14 19 21 22
N 444 1 7 12 14 16 19 21
N 445 1 5 13 14 16 19 23
N 446 1 7 8 16 19 20 23
N 447 1 7 9 14 19 20 23
N 448 1 7 11 14 16 19 23
N 449 1 6 13 14 16 19 21
N 450 0 2 9 19 21 22
N 451 0 2 12 16 19 21
N 452 0 3 8 19 21 22
N 453 0 3 12 14 19 21
N 454 0 6 8 16 19 21
N 455 0 6 9 14 19 21
N 456 1 4 13 14 16 21 23
N 457 0 2 9 19 20 23
N 458 0 2 11 16 19 23
N 459 0 3 8 19 20 23
N 460 0 3 11 14 19 23
N 461 0 5 8 16 19 23
N 462 0 5 9 14 19 23
N 463 1 7 8 16 18 21 23
N 464 1 7 9 14 18 21 23
N 465 1 7 10 14 16 21 23
N 466 0 2 9 18 21 23
N 467 0 2 10 16 21 23
N 468 0 3 8 18 21 23
N 469 0 3 10 14 21 23
N 470 0 4 8 16 21 23
N 471 0 4 9 14 21 23
N 472 1 7 13 15 17 19 20 22
N 473 1 7 13 15 17 18 21 22
N 474 1 7 13 15 17 18 20 23
N 475 1 7 13 15 16 19 21 22
N 476 1 7 13 15 16 19 20 23
N 477 1 7 13 15 16 18 21 23
N 478 1 4 11 15 17 22
N 479 1 4 12 15 17 20
N 480 1 5 10 15 17 22
N 481 1 5 12 15 17 18
N 482 1 6 10 15 17 20
N 483 1 6 11 15 17 18
N 484 1 3 11 15 19 22
N 485 1 3 12 15 19 20
N 486 1 5 9 15 19 22
N 487 1 5 12 15 16 19
N 488 1 6 9 15 19 20
N 489 1 6 11 15 16 19
N 490 1 3 10 15 21 22
N 491 1 3 12 15 18 21
N 492 1 4 9 15 21 22
N 493 1 4 12 15 16 21
N 494 1 6 9 15 18 21
N 495 1 6 10 15 16 21
N 496 1 3 10 15 20 23
N 497 1 3 11 15 18 23
N 498 1 4 9 15 20 23
N 499 1 4 11 15 16 23
N 500 1 5 9 15 18 23
N 501 1 5 10 15 16 23
N 502 1 7 13 14 17 19 21 22
N 503 1 7 13 14 17 19 20 23
N 504 1 7 13 14 17 18 21 23
N 505 1 2 11 17 19 22
N 506 1 2 12 17 19 20
N 507 1 5 8 17 19 22
N 508 1 5 12 14 17 19
N 509 1 6 8 17 19 20
N 510 1 6 11 14 17 19
N 511 1 2 10 17 21 22
N 512 1 2 12 17 18 21
N 513 1 4 8 17 21 22
N 514 1 4 12 14 17 21
N 515 1 6 8 17 18 21
N 516 1 6 10 14 17 21
N 517 1 2 10 17 20 23
N 518 1 2 11 17 18 23
N 519 1 4 8 17 20 23
N 520 1 4 11 14 17 23
N 521 1 5 8 17 18 23
N 522 1 5 10 14 17 23
N 523 1 7 13 14 16 19 21 23
N 524 1 2 9 19 21 22
N 525 1 2 12 16 19 21
N 526 1 3 8 19 21 22
N 527 1 3 12 14 19 21
N 528 1 6 8 16 19 21
N 529 1 6 9 14 19 21
N 530 1 2 9 19 20 23
N 531 1 2 11 16 19 23
N 532 1 3 8 19 20 23
N 533 1 3 11 14 19 23
N 534 1 5 8 16 19 23
N 535 1 5 9 14 19 23
N 536 1 2 9 18 21 23
N 537 1 2 10 16 21 23
N 538 1 3 8 18 21 23
N 539 1 3 10 14 21 23
N 540 1 4 8 16 21 23
N 541 1 4 9 14 21 23
N 542 0 7 13 15 17 19 20 22
N 543 0 7 13 15 17 18 21 22
N 544 0 7 13 15 17 18 20 23
N 545 0 7 13 15 16 19 21 22
N 546 0 7 13 15 16 19 20 23
N 547 0 7 13 15 16 18 21 23
N 548 1 7 11 15 17 19 22
N 549 1 4 13 15 17 21 22
N 550 1 7 12 15 17 19 20
N 551 1 4 13 15 17 20 23
N 552 1 7 10 15 17 21 22
N 553 1 5 13 15 17 19 22
N 554 1 7 12 15 17 18 21
N 555 1 5 13 15 17 18 23
N 556 1 7 10 15 17 20 23
N 557 1 6 13 15 17 19 20
N 558 1 7 11 15 17 18 23
N 559 1 6 13 15 17 18 21
N 560 1 3 13 15 19 21 22
N 561 1 3 13 15 19 20 23
N 562 1 7 9 15 19 21 22
N 563 1 7 12 15 16 19 21
N 564 1 5 13 15 16 19 23
N 565 1 7 9 15 19 20 23
N 566 1 7 11 15 16 19 23
N 567 1 6 13 15 16 19 21
N 568 1 3 13 15 18 21 23
N 569 1 4 13 15 16 21 23
N 570 1 7 9 15 18 21 23
N 571 1 7 10 15 16 21 23
N 572 0 7 13 14 17 19 21 22
N 573 0 7 13 14 17 19 20 23
N 574 0 7 13 14 17 18 21 23
N 575 1 2 13 17 19 21 22
N 576 1 2 13 17 19 20 23
N 577 1 7 8 17 19 21 22
N 578 1 7 12 14 17 19 21
N 579 1 5 13 14 17 19 23
N 580 1 7 8 17 19 20 23
N 581 1 7 11 14 17 19 23
N 582 1 6 13 14 17 19 21
N 583 1 2 13 17 18 21 23
N 584 1 4 13 14 17 21 23
N 585 1 7 8 17 18 21 23
N 586 1 7 10 14 17 21 23
N 587 0 7 13 14 16 19 21 23
N 588 1 2 13 16 19 21 23
N 589 1 3 13 14 19 21 23
N 590 1 7 8 16 19 21 23
N 591 1 7 9 14 19 21 23
N 592 0 5 13 15 17 19 22
N 593 0 6 13 15 17 19 20
N 594 0 7 11 15 17 19 22
N 595 0 7 12 15 17 19 20
N 596 0 4 13 15 17 21 22
N 597 0 6 13 15 17 18 21
N 598 0 7 10 15 17 21 22
N 599 0 7 12 15 17 18 21
N 600 0 4 13 15 17 20 23
N 601 0 5 13 15 17 18 23
N 602 0 7 10 15 17 20 23
N 603 0 7 11 15 17 18 23
N 604 0 3 13 15 19 21 22
N 605 0 6 13 15 16 19 21
N 606 0 7 9 15 19 21 22
N 607 0 7 12 15 16 19 21
N 608 0 3 13 15 19 20 23
N 609 0 5 13 15 16 19 23
N 610 0 7 9 15 19 20 23
N 611 0 7 11 15 16 19 23
N 612 0 3 13 15 18 21 23
N 613 0 4 13 15 16 21 23
N 614 0 7 9 15 18 21 23
N 615 0 7 10 15 16 21 23
N 616 1 7 13 15 17 19 21 22
N 617 1 7 13 15 17 19 20 23
N 618 1 7 13 15 17 18 21 23
N 619 1 7 13 15 16 19 21 23
N 620 0 2 13 17 19 21 22
N 621 0 6 13 14 17 19 21
N 622 0 7 8 17 19 21 22
N 623 0 7 12 14 17 19 21
N 624 0 2 13 17 19 20 23
N 625 0 5 13 14 17 19 23
N 626 0 7 8 17 19 20 23
N 627 0 7 11 14 17 19 23
N 628 0 2 13 17 18 21 23
N 629 0 4 13 14 17 21 23
N 630 0 7 8 17 18 21 23
N 631 0 7 10 14 17 21 23
N 632 1 7 13 14 17 19 21 23
N 633 0 2 13 16 19 21 23
N 634 0 3 13 14 19 21 23
N 635 0 7 8 16 19 21 23
N 636 0 7 9 14 19 21 23
N 637 0 5 12 15 17 19
N 638 0 6 11 15 17 19
N 639 0 4 12 15 17 21
N 640 0 6 10 15 17 21
N 641 0 4 11 15 17 23
N 642 0 5 10 15 17 23
N 643 0 3 12 15 19 21
N 644 0 6 9 15 19 21
N 645 0 3 11 15 19 23
N 646 0 5 9 15 19 23
N 647 0 3 10 15 21 23
N 648 0 4 9 15 21 23
N 649 0 7 13 15 17 19 21 22
N 650 0 7 13 15 17 19 20 23
N 651 0 7 13 15 17 18 21 23
N 652 0 7 13 15 16 19 21 23
N 653 0 2 12 17 19 21
N 654 0 6 8 17 19 21
N 655 0 2 11 17 19 23
N 656 0 5 8 17 19 23
N 657 0 2 10 17 21 23
N 658 0 4 8 17 21 23
N 659 0 7 13 14 17 19 21 23
N 660 0 2 9 19 21 23
N 661 0 3 8 19 21 23
N 662 1 5 12 15 17 19
N 663 1 6 11 15 17 19
N 664 1 4 12 15 17 21
N 665 1 6 10 15 17 21
N 666 1 4 11 15 17 23
N 667 1 5 10 15 17 23
N 668 1 3 12 15 19 21
N 669 1 6 9 15 19 21
N 670 1 3 11 15 19 23
N 671 1 5 9 15 19 23
N 672 1 3 10 15 21 23
N 673 1 4 9 15 21 23
N 674 0 6 13 15 17 19 21
N 675 0 7 12 15 17 19 21
N 676 0 5 13 15 17 19 23
N 677 0 7 11 15 17 19 23
N 678 0 4 13 15 17 21 23
N 679 0 7 10 15 17 21 23
N 680 0 3 13 15 19 21 23
N 681 0 7 9 15 19 21 23
N 682 1 2 12 17 19 21
N 683 1 6 8 17 19 21
N 684 1 2 11 17 19 23
N 685 1 5 8 17 19 23
N 686 1 2 10 17 21 23
N 687 1 4 8 17 21 23
N 688 0 2 13 17 19 21 23
N 689 0 7 8 17 19 21 23
N 690 1 2 9 19 21 23
N 691 1 3 8 19 21 23
N 692 1 7 12 15 17 19 21
N 693 1 5 13 15 17 19 23
N 694 1 7 11 15 17 19 23
N 695 1 6 13 15 17 19 21
N 696 1 4 13 15 17 21 23
N 697 1 7 10 15 17 21 23
N 698 1 3 13 15 19 21 23
N 699 1 7 9 15 19 21 23
N 700 1 2 13 17 19 21 23
N 701 1 7 8 17 19 21 23
G 702 1 7 13 15 17 19 21 23
G 703 0 7 13 15 17 19 21 23
