G 0 2 8 14 18 19 21
N 1 2 8 14 15 20
N 2 2 8 14 15 18 19 24
N 3 0 8 14 16 19 24
N 4 4 8 14 15 16 18 19 24
N 5 1 8 14 15 16 18 24
N 6 4 5 14 15 17 19 24
N 7 4 8 14 15 16 20
N 8 1 5 14 15 17 24
N 9 4 9 14 15 16 17 18 19 24
N 10 4 7 14 16 17 18 19 24
N 11 4 6 14 15 16 17 18 24
G 12 4 8 14 16 18 19 21
N 13 4 8 14 15 18 19 22
N 14 1 9 14 15 16 17 18 24
N 15 1 7 14 16 17 18 24
N 16 0 9 14 16 17 19 24
N 17 4 9 10 15 16 19 24
N 18 4 9 14 15 16 17 20
N 19 4 7 10 16 19 24
N 20 4 7 14 16 17 20
N 21 0 6 14 16 17 24
N 22 4 6 10 15 16 24
G 23 4 5 14 17 19 21
N 24 0 8 14 19 22
N 25 1 9 10 15 16 24
N 26 1 7 10 16 24
N 27 2 9 14 15 17 18 19 24
N 28 3 9 14 15 16 18 19 24
N 29 4 9 12 16 17 18 19 24
N 30 4 9 13 15 17 18 19 24
N 31 4 9 11 15 16 17 18 24
G 32 4 9 14 16 17 18 19 21
N 33 4 9 14 15 17 18 19 22
N 34 4 9 14 15 16 18 19 23
N 35 4 7 13 17 18 19 24
N 36 4 7 11 16 17 18 24
N 37 4 7 14 17 18 19 22
N 38 4 7 14 16 18 19 23
N 39 2 6 14 15 17 18 24
N 40 3 6 14 15 16 18 24
N 41 4 6 12 16 17 18 24
N 42 4 6 13 15 17 18 24
G 43 4 6 14 16 17 18 21
N 44 1 8 14 15 18 22
N 45 1 9 12 16 17 18 24
N 46 1 9 13 15 17 18 24
N 47 1 7 13 17 18 24
N 48 2 9 10 15 19 24
N 49 2 9 14 15 17 20
N 50 3 5 14 15 19 24
N 51 3 9 14 15 16 20
N 52 4 5 12 17 19 24
N 53 4 9 12 16 17 20
N 54 0 9 13 17 19 24
N 55 4 9 13 15 17 20
N 56 0 9 11 16 17 24
N 57 4 5 11 15 17 24
G 58 4 9 10 16 19 21
N 59 0 9 14 17 19 22
N 60 4 9 10 15 19 22
N 61 0 9 14 16 19 23
N 62 4 5 14 15 19 23
N 63 4 7 13 17 20
N 64 4 7 10 19 22
N 65 2 6 10 15 24
N 66 0 6 13 17 24
G 67 4 6 10 16 21
N 68 1 5 12 17 24
N 69 2 9 12 17 18 19 24
N 70 2 9 11 15 17 18 24
G 71 2 9 14 17 18 19 21
N 72 2 9 14 15 18 19 23
N 73 3 7 14 16 18 19 24
G 74 3 9 14 16 18 19 21
N 75 3 9 14 15 18 19 22
N 76 4 8 12 16 18 19 24
N 77 4 9 12 17 18 19 22
N 78 4 9 12 16 18 19 23
N 79 3 9 13 15 18 19 24
G 80 4 9 13 17 18 19 21
N 81 4 9 13 15 18 19 23
N 82 3 9 11 15 16 18 24
N 83 4 8 11 15 16 18 24
G 84 4 9 11 16 17 18 21
N 85 1 9 14 15 17 18 22
N 86 4 9 11 15 17 18 22
N 87 1 9 14 15 16 18 23
N 88 4 6 14 15 16 18 23
N 89 4 7 13 18 19 23
N 90 4 7 11 17 18 22
N 91 2 6 12 17 18 24
N 92 3 6 13 15 18 24
G 93 4 6 13 17 18 21
N 94 1 8 12 16 18 24
N 95 2 9 12 17 20
G 96 2 9 10 19 21
N 97 3 7 14 16 20
G 98 3 5 14 19 21
N 99 4 8 12 16 20
N 100 4 5 12 19 23
N 101 3 9 13 15 20
N 102 0 9 13 19 23
N 103 3 5 11 15 24
N 104 0 8 11 16 24
G 105 4 5 11 17 21
N 106 1 9 10 15 22
N 107 0 9 11 17 22
N 108 1 5 14 15 23
N 109 0 6 14 16 23
N 110 2 9 12 18 19 23
G 111 2 9 11 17 18 21
N 112 3 7 14 18 19 22
G 113 3 6 14 16 18 21
N 114 4 8 12 18 19 22
N 115 4 6 12 16 18 23
G 116 3 9 13 18 19 21
N 117 1 9 13 15 18 23
N 118 3 7 11 16 18 24
N 119 2 8 11 15 18 24
G 120 4 8 11 16 18 21
N 121 1 9 12 17 18 22
N 122 3 9 11 15 18 22
N 123 1 7 14 16 18 23
N 124 2 6 14 15 18 23
