G 0 3 9 14 18 20 23 24
N 1 0 9 14 18 20 22
G 2 3 5 14 18 24
G 3 4 9 14 18 20 22 23 24
G 4 1 9 14 18 22 23 24
N 5 3 6 14 18 20 23
G 6 4 5 14 18 22 24
G 7 4 9 14 15 20 21 24
G 8 1 9 14 15 21 24
G 9 4 8 14 18 20 23 24
N 10 4 6 14 18 20 22 23
G 11 4 9 14 19 20 21 22 23 24
G 12 4 9 14 17 21 22 23 24
N 13 4 9 14 16 20 21 22 23
G 14 1 9 14 19 21 22 23 24
N 15 1 9 14 16 21 22 23
N 16 0 8 14 18 20
N 17 4 6 14 15 20 21
N 18 0 9 14 19 20 21 22
G 19 4 5 14 19 21 22 24
G 20 4 9 10 19 20 22 24
N 21 0 9 14 17 21 22
G 22 4 9 10 17 22 24
N 23 4 5 14 16 21 22
N 24 4 9 10 16 20 22
G 25 1 9 10 19 22 24
N 26 1 9 10 16 22
G 27 1 8 14 18 23 24
N 28 4 6 14 19 20 21 22 23
N 29 4 6 14 17 21 22 23
G 30 2 9 14 19 20 22 23 24
G 31 3 9 14 19 20 21 23 24
G 32 4 7 14 19 20 22 23 24
G 33 4 8 14 19 20 21 23 24
G 34 4 9 12 19 21 22 23 24
G 35 4 9 13 19 20 21 23 24
N 36 4 9 11 19 20 21 22 23
G 37 2 9 14 17 22 23 24
G 38 3 9 14 17 21 23 24
G 39 4 9 13 17 21 23 24
N 40 4 9 11 17 21 22 23
N 41 4 7 14 16 20 22 23
N 42 4 8 14 16 20 21 23
N 43 4 9 12 16 21 22 23
N 44 4 9 13 16 20 21 23
G 45 1 9 13 19 21 23 24
N 46 1 9 11 19 21 22 23
N 47 1 9 13 16 21 23
N 48 4 6 10 19 20 22
N 49 4 6 10 17 22
G 50 2 5 14 19 22 24
G 51 2 9 14 15 20 24
G 52 3 5 14 19 21 24
G 53 3 9 10 19 20 24
N 54 0 7 14 19 20 22
G 55 4 7 14 15 20 24
N 56 0 8 14 19 20 21
G 57 4 8 10 19 20 24
N 58 0 9 12 19 21 22
G 59 4 9 12 15 21 24
N 60 0 9 13 19 20 21
G 61 4 5 13 19 21 24
N 62 4 5 11 19 21 22
N 63 4 9 11 15 20 21
G 64 3 9 10 17 24
N 65 0 9 13 17 21
N 66 4 8 10 16 20
N 67 4 5 13 16 21
N 68 1 9 11 15 21
N 69 4 6 12 19 21 22 23
N 70 4 6 13 19 20 21 23
N 71 4 6 13 17 21 23
G 72 2 8 14 19 20 23 24
N 73 2 6 14 19 20 22 23
N 74 2 9 14 16 20 22 23
G 75 3 7 14 19 20 23 24
N 76 3 6 14 19 20 21 23
G 77 3 9 12 19 21 23 24
N 78 3 9 11 19 20 21 23
G 79 1 7 14 19 22 23 24
G 80 4 7 14 17 22 23 24
G 81 1 8 14 19 21 23 24
G 82 4 8 12 19 21 23 24
N 83 4 8 11 19 20 21 23
G 84 2 9 12 19 22 23 24
G 85 4 9 12 18 22 23 24
G 86 2 9 13 19 20 23 24
G 87 4 7 13 19 20 23 24
N 88 4 7 11 19 20 22 23
N 89 4 9 11 18 20 22 23
N 90 3 9 11 17 21 23
G 91 2 9 13 17 23 24
N 92 4 8 12 16 21 23
N 93 4 7 13 16 20 23
N 94 1 9 11 18 22 23
N 95 4 6 12 15 21
N 96 2 6 14 15 20
N 97 2 5 14 16 22
N 98 3 6 10 19 20
N 99 3 5 11 19 21
G 100 1 7 14 15 24
N 101 0 7 14 17 22
G 102 1 8 10 19 24
N 103 0 8 12 19 21
G 104 2 9 12 15 24
N 105 0 9 12 18 22
G 106 2 5 13 19 24
N 107 0 7 13 19 20
N 108 4 7 11 15 20
N 109 4 5 11 18 22
N 110 4 6 12 18 22 23
N 111 2 6 14 17 22 23
N 112 2 8 14 16 20 23
N 113 3 6 12 19 21 23
N 114 3 7 11 19 20 23
N 115 1 7 14 16 22 23
G 116 3 7 14 17 23 24
N 117 1 8 11 19 21 23
G 118 2 8 12 19 23 24
N 119 2 9 12 16 22 23
G 120 3 9 12 18 23 24
N 121 2 6 13 19 20 23
G 122 1 7 13 19 23 24
N 123 4 7 11 17 22 23
N 124 4 8 11 18 20 23
