0 1
0 2
1 3
1 4
1 0
2 0
2 5
3 1
3 6
3 7
4 1
4 8
5 2
6 3
6 9
6 10
7 11
7 12
7 3
7 13
8 14
8 4
8 15
9 16
9 6
10 6
10 17
11 18
11 19
11 20
11 7
12 21
12 22
12 7
13 23
13 24
13 7
14 18
14 25
14 8
15 26
15 8
16 9
16 27
17 28
17 29
17 10
18 11
18 14
18 30
18 31
19 11
19 32
19 33
19 28
20 11
20 34
20 35
20 36
21 12
21 37
21 38
22 12
22 39
22 40
23 13
23 41
23 42
24 13
24 43
24 44
25 14
25 45
25 46
26 15
26 47
27 16
28 19
28 48
28 17
29 49
29 17
30 18
30 50
30 51
31 18
31 52
31 53
32 54
32 19
32 55
33 56
33 19
33 57
34 58
34 20
34 59
35 60
35 61
35 20
36 62
36 20
36 63
37 21
37 51
38 21
38 64
39 65
39 22
40 22
40 63
41 23
41 55
42 23
42 66
43 24
43 59
44 67
44 24
45 60
45 25
46 25
46 68
47 26
48 28
48 69
48 70
49 29
49 71
50 30
50 72
50 73
51 30
51 37
51 74
52 31
52 75
52 76
53 31
53 77
53 78
54 32
54 79
54 75
55 32
55 80
55 41
56 33
56 81
56 72
57 33
57 82
57 83
58 34
58 84
58 77
59 34
59 85
59 43
60 35
60 45
60 86
61 35
61 87
61 70
62 36
62 88
62 83
63 36
63 40
63 89
64 38
64 90
65 39
65 91
66 42
66 92
67 44
67 93
68 46
68 94
69 48
69 95
70 61
70 48
71 49
72 56
72 50
73 50
73 96
74 97
74 51
75 54
75 52
76 52
76 98
77 58
77 53
78 99
78 53
79 54
79 100
80 101
80 55
81 56
81 102
82 103
82 57
83 62
83 57
84 58
84 104
85 105
85 59
86 60
86 106
87 107
87 61
88 62
88 108
89 109
89 63
90 64
91 65
92 66
93 67
94 68
95 69
95 110
96 73
96 111
97 74
97 112
98 76
98 113
99 78
99 114
100 79
100 115
101 80
101 116
102 81
102 117
103 82
103 118
104 84
104 119
105 85
105 120
106 86
106 121
107 87
107 122
108 88
108 123
109 89
109 124
110 95
111 96
112 97
113 98
114 99
115 100
116 101
117 102
118 103
119 104
120 105
121 106
122 107
123 108
124 109
