N 0 1 8 14 15 18 22
N 1 0 8 14 19 22
N 2 4 8 14 15 18 19 22
N 3 4 8 14 15 16 20
G 4 4 8 14 16 18 19 21
N 5 4 8 14 15 16 18 19 24
G 6 4 5 14 17 19 21
N 7 0 8 14 16 19 24
N 8 4 5 14 15 17 19 24
G 9 4 9 14 16 17 18 19 21
G 10 4 6 14 16 17 18 21
N 11 2 8 14 15 18 19 24
N 12 1 8 14 15 16 18 24
N 13 4 9 14 15 16 17 18 19 24
N 14 4 7 14 16 17 18 19 24
N 15 4 6 14 15 16 17 18 24
G 16 4 9 10 16 19 21
N 17 4 9 14 15 16 17 20
G 18 4 6 10 16 21
N 19 2 8 14 15 20
N 20 1 5 14 15 17 24
N 21 0 9 14 16 17 19 24
N 22 4 9 10 15 16 19 24
N 23 4 7 10 16 19 24
N 24 4 7 14 16 17 20
N 25 0 6 14 16 17 24
N 26 4 6 10 15 16 24
G 27 4 9 13 17 18 19 21
G 28 4 9 11 16 17 18 21
N 29 4 9 14 15 17 18 19 22
N 30 4 9 14 15 16 18 19 23
G 31 4 6 13 17 18 21
G 32 2 8 14 18 19 21
N 33 1 9 14 15 16 17 18 24
N 34 1 7 14 16 17 18 24
N 35 2 9 14 15 17 18 19 24
N 36 3 9 14 15 16 18 19 24
N 37 4 9 12 16 17 18 19 24
N 38 4 9 13 15 17 18 19 24
N 39 4 9 11 15 16 17 18 24
N 40 4 7 13 17 18 19 24
N 41 4 7 11 16 17 18 24
N 42 4 7 14 17 18 19 22
N 43 4 7 14 16 18 19 23
N 44 2 6 14 15 17 18 24
N 45 3 6 14 15 16 18 24
N 46 4 6 12 16 17 18 24
N 47 4 6 13 15 17 18 24
N 48 4 9 13 15 17 20
G 49 4 5 11 17 21
N 50 0 9 14 17 19 22
N 51 4 9 10 15 19 22
N 52 0 9 14 16 19 23
N 53 4 5 14 15 19 23
N 54 1 9 10 15 16 24
N 55 1 7 10 16 24
N 56 2 9 10 15 19 24
N 57 2 9 14 15 17 20
N 58 3 5 14 15 19 24
N 59 3 9 14 15 16 20
N 60 4 5 12 17 19 24
N 61 4 9 12 16 17 20
N 62 0 9 13 17 19 24
N 63 0 9 11 16 17 24
N 64 4 5 11 15 17 24
N 65 4 7 13 17 20
N 66 4 7 10 19 22
N 67 2 6 10 15 24
N 68 0 6 13 17 24
N 69 4 9 13 15 18 19 23
G 70 4 8 11 16 18 21
N 71 3 9 14 15 18 19 22
N 72 1 9 14 15 17 18 22
N 73 4 9 12 17 18 19 22
N 74 4 9 11 15 17 18 22
N 75 2 9 14 15 18 19 23
N 76 1 9 14 15 16 18 23
N 77 4 6 14 15 16 18 23
N 78 1 9 12 16 17 18 24
N 79 1 9 13 15 17 18 24
N 80 1 7 13 17 18 24
N 81 2 9 12 17 18 19 24
N 82 2 9 11 15 17 18 24
G 83 2 9 14 17 18 19 21
N 84 3 7 14 16 18 19 24
G 85 3 9 14 16 18 19 21
N 86 4 8 12 16 18 19 24
N 87 4 9 12 16 18 19 23
N 88 3 9 13 15 18 19 24
N 89 3 9 11 15 16 18 24
N 90 4 8 11 15 16 18 24
N 91 4 7 13 18 19 23
N 92 4 7 11 17 18 22
N 93 2 6 12 17 18 24
N 94 3 6 13 15 18 24
N 95 0 9 13 19 23
N 96 1 9 10 15 22
N 97 0 9 11 17 22
N 98 1 5 14 15 23
N 99 0 6 14 16 23
N 100 1 5 12 17 24
N 101 2 9 12 17 20
G 102 2 9 10 19 21
N 103 3 7 14 16 20
G 104 3 5 14 19 21
N 105 4 8 12 16 20
N 106 4 5 12 19 23
N 107 3 9 13 15 20
N 108 3 5 11 15 24
N 109 0 8 11 16 24
N 110 1 9 13 15 18 23
N 111 1 9 12 17 18 22
N 112 3 9 11 15 18 22
N 113 1 7 14 16 18 23
N 114 2 6 14 15 18 23
N 115 1 8 12 16 18 24
N 116 2 9 12 18 19 23
G 117 2 9 11 17 18 21
N 118 3 7 14 18 19 22
G 119 3 6 14 16 18 21
N 120 4 8 12 18 19 22
N 121 4 6 12 16 18 23
G 122 3 9 13 18 19 21
N 123 3 7 11 16 18 24
N 124 2 8 11 15 18 24
