0 1
1 2
1 0
2 1
2 3
3 4
3 2
3 5
4 6
4 3
5 7
5 8
5 3
6 9
6 4
6 10
7 5
7 11
7 12
8 13
8 14
8 5
8 15
9 6
9 16
9 17
10 6
10 18
11 7
11 19
12 7
12 20
13 21
13 8
13 22
13 17
14 8
14 23
14 24
15 25
15 8
15 26
16 9
16 27
16 28
17 9
17 29
17 30
17 13
18 10
18 31
19 32
19 11
20 33
20 34
20 12
21 13
21 35
21 36
21 33
22 13
22 37
22 38
22 39
23 14
23 40
23 41
24 42
24 43
24 14
25 15
25 44
25 45
26 15
26 46
26 47
27 16
27 48
28 49
28 16
29 50
29 51
29 17
30 52
30 53
30 17
31 18
32 19
33 21
33 20
33 54
34 20
34 55
35 21
35 56
35 57
36 21
36 58
36 59
37 60
37 22
37 61
38 62
38 22
38 48
39 63
39 64
39 22
40 23
40 65
41 64
41 23
42 66
42 24
43 53
43 24
44 25
44 67
45 25
45 58
46 60
46 26
47 68
47 26
48 27
48 69
48 38
49 28
49 70
50 29
50 71
50 72
51 29
51 73
51 74
52 30
52 75
52 76
53 30
53 43
53 77
54 33
54 78
54 79
55 34
55 80
56 35
56 81
56 82
57 83
57 75
57 35
58 36
58 84
58 45
59 85
59 71
59 36
60 37
60 86
60 46
61 73
61 87
61 37
62 38
62 88
62 79
63 39
63 82
63 89
64 39
64 41
64 90
65 91
65 40
66 42
66 92
67 44
67 93
68 47
68 94
69 95
69 48
70 49
71 50
71 59
72 50
72 96
73 51
73 61
74 97
74 51
75 52
75 57
76 52
76 98
77 99
77 53
78 100
78 54
79 62
79 54
80 55
81 56
81 101
82 63
82 56
83 102
83 57
84 58
84 103
85 104
85 59
86 60
86 105
87 106
87 61
88 62
88 107
89 63
89 108
90 109
90 64
91 65
92 66
93 67
94 68
95 69
95 110
96 72
96 111
97 74
97 112
98 76
98 113
99 77
99 114
100 78
100 115
101 116
101 81
102 83
102 117
103 118
103 84
104 85
104 119
105 120
105 86
106 87
106 121
107 122
107 88
108 89
108 123
109 90
109 124
110 95
111 96
112 97
113 98
114 99
115 100
116 101
117 102
118 103
119 104
120 105
121 106
122 107
123 108
124 109
