N 0 0 5 8 11 14
N 1 1 5 8 11 14
N 2 2 5 8 11 14
N 3 3 5 8 11 14
N 4 0 5 8 10 14
N 5 3 4 8 11 14
N 6 3 5 7 11 14
N 7 3 5 8 11 13
N 8 1 5 8 10 14
N 9 2 5 8 10 14
N 10 3 5 8 10 14
N 11 0 4 8 11 14
N 12 1 4 8 11 14
N 13 2 4 8 11 14
N 14 3 4 7 11 14
N 15 3 4 8 11 13
N 16 0 5 7 11 14
N 17 1 5 7 11 14
N 18 2 5 7 11 14
N 19 3 5 7 11 13
N 20 0 5 8 11 13
N 21 1 5 8 11 13
N 22 2 5 8 11 13
N 23 3 4 8 10 14
N 24 3 5 7 10 14
N 25 3 5 8 12 14
N 26 3 5 8 10 13
N 27 0 6 8 11 14
N 28 0 4 8 10 14
N 29 0 4 7 11 14
N 30 1 4 7 11 14
N 31 2 4 7 11 14
N 32 3 4 7 11 13
N 33 0 4 8 11 13
N 34 1 4 8 11 13
N 35 2 4 8 11 13
N 36 0 5 7 10 14
N 37 2 5 9 11 14
N 38 0 5 7 11 13
N 39 1 5 7 11 13
N 40 2 5 7 11 13
N 41 0 5 8 10 13
N 42 1 5 8 11 15
N 43 1 4 8 10 14
N 44 2 4 8 10 14
N 45 3 4 7 10 14
N 46 3 4 8 12 14
N 47 3 4 8 10 13
N 48 1 5 7 10 14
N 49 2 5 7 10 14
N 50 3 5 7 12 14
N 51 3 5 7 10 13
N 52 0 5 8 12 14
N 53 1 5 8 12 14
N 54 2 5 8 12 14
N 55 3 5 8 12 13
N 56 1 5 8 10 13
N 57 2 5 8 10 13
N 58 1 6 8 11 14
N 59 2 6 8 11 14
N 60 3 6 8 11 14
N 61 0 6 8 10 14
N 62 0 6 7 11 14
N 63 0 4 7 10 14
N 64 2 4 9 11 14
N 65 0 4 7 11 13
N 66 1 4 7 11 13
N 67 2 4 7 11 13
N 68 0 6 8 11 13
N 69 0 4 8 10 13
N 70 1 4 8 11 15
N 71 0 5 9 11 14
N 72 1 5 9 11 14
N 73 3 5 9 11 14
N 74 0 5 7 10 13
N 75 1 5 7 11 15
N 76 2 5 9 11 13
N 77 0 5 8 11 15
N 78 2 5 8 11 15
N 79 3 5 8 11 15
N 80 1 4 7 10 14
N 81 2 4 7 10 14
N 82 3 4 7 12 14
N 83 3 4 7 10 13
N 84 0 4 8 12 14
N 85 1 4 8 12 14
N 86 2 4 8 12 14
N 87 3 4 8 12 13
N 88 1 4 8 10 13
N 89 2 4 8 10 13
N 90 2 5 9 10 14
N 91 0 5 7 12 14
N 92 1 5 7 12 14
N 93 2 5 7 12 14
N 94 3 5 7 12 13
N 95 1 5 7 10 13
N 96 2 5 7 10 13
N 97 0 5 8 12 13
N 98 1 5 8 12 13
N 99 2 5 8 12 13
N 100 1 5 8 10 15
N 101 3 6 7 11 14
N 102 3 6 8 11 13
N 103 1 6 8 10 14
N 104 2 6 8 10 14
N 105 3 6 8 10 14
N 106 1 6 7 11 14
N 107 2 6 7 11 14
N 108 0 6 7 10 14
N 109 0 4 9 11 14
N 110 1 4 9 11 14
N 111 3 4 9 11 14
N 112 0 6 7 11 13
N 113 0 4 7 10 13
N 114 1 4 7 11 15
N 115 2 4 9 11 13
N 116 1 6 8 11 13
N 117 2 6 8 11 13
N 118 0 6 8 10 13
N 119 0 4 8 11 15
N 120 2 4 8 11 15
N 121 3 4 8 11 15
N 122 0 5 9 10 14
N 123 3 5 9 11 13
N 124 0 5 7 11 15
N 125 2 5 7 11 15
N 126 3 5 7 11 15
N 127 0 5 9 11 13
N 128 1 5 9 11 13
N 129 0 5 8 10 15
N 130 2 4 9 10 14
N 131 0 4 7 12 14
N 132 1 4 7 12 14
N 133 2 4 7 12 14
N 134 3 4 7 12 13
N 135 1 4 7 10 13
N 136 2 4 7 10 13
N 137 0 6 8 12 14
N 138 0 4 8 12 13
N 139 1 4 8 12 13
N 140 2 4 8 12 13
N 141 1 4 8 10 15
N 142 1 5 9 10 14
N 143 3 5 9 10 14
N 144 2 5 9 12 14
N 145 0 5 7 12 13
N 146 1 5 7 12 13
N 147 2 5 7 12 13
N 148 1 5 7 10 15
N 149 2 5 9 10 13
N 150 1 5 8 12 15
N 151 2 5 8 10 15
N 152 3 5 8 10 15
N 153 3 6 7 11 13
N 154 3 6 7 10 14
N 155 3 6 8 12 14
N 156 3 6 8 10 13
N 157 2 6 9 11 14
N 158 1 6 7 10 14
N 159 2 6 7 10 14
N 160 0 6 9 11 14
N 161 0 4 9 10 14
N 162 3 4 9 11 13
N 163 1 6 7 11 13
N 164 2 6 7 11 13
N 165 0 6 7 10 13
N 166 0 4 7 11 15
N 167 2 4 7 11 15
N 168 3 4 7 11 15
N 169 0 4 9 11 13
N 170 1 4 9 11 13
N 171 1 6 8 11 15
N 172 1 6 8 10 13
N 173 2 6 8 10 13
N 174 0 6 8 11 15
N 175 0 4 8 10 15
N 176 0 5 7 10 15
N 177 2 5 9 11 15
N 178 0 5 9 10 13
N 179 1 5 9 11 15
N 180 1 4 9 10 14
N 181 3 4 9 10 14
N 182 0 6 7 12 14
N 183 2 4 9 12 14
N 184 0 4 7 12 13
N 185 1 4 7 12 13
N 186 2 4 7 12 13
N 187 1 4 7 10 15
N 188 2 4 9 10 13
N 189 1 6 8 12 14
N 190 2 6 8 12 14
N 191 0 6 8 12 13
N 192 1 4 8 12 15
N 193 2 4 8 10 15
N 194 3 4 8 10 15
N 195 3 5 9 12 14
N 196 3 5 9 10 13
N 197 0 5 9 12 14
N 198 1 5 9 12 14
N 199 1 5 7 12 15
N 200 2 5 9 12 13
N 201 2 5 7 10 15
N 202 3 5 7 10 15
N 203 1 5 9 10 13
N 204 0 5 8 12 15
N 205 2 5 8 12 15
N 206 3 5 8 12 15
N 207 3 6 7 12 14
N 208 3 6 7 10 13
N 209 3 6 8 12 13
N 210 1 6 9 11 14
N 211 3 6 9 11 14
N 212 2 6 9 10 14
N 213 0 6 9 10 14
N 214 1 6 7 11 15
N 215 2 6 9 11 13
N 216 1 6 7 10 13
N 217 2 6 7 10 13
N 218 0 6 7 11 15
N 219 0 4 7 10 15
N 220 2 4 9 11 15
N 221 0 6 9 11 13
N 222 0 4 9 10 13
N 223 1 4 9 11 15
N 224 2 6 8 11 15
N 225 3 6 8 11 15
N 226 1 6 8 10 15
N 227 0 6 8 10 15
N 228 0 5 9 11 15
N 229 3 5 9 11 15
N 230 3 4 9 12 14
N 231 3 4 9 10 13
N 232 1 6 7 12 14
N 233 2 6 7 12 14
N 234 0 4 9 12 14
N 235 1 4 9 12 14
N 236 0 6 7 12 13
N 237 1 4 7 12 15
N 238 2 4 9 12 13
N 239 2 4 7 10 15
N 240 3 4 7 10 15
N 241 1 4 9 10 13
N 242 1 6 8 12 13
N 243 2 6 8 12 13
N 244 0 4 8 12 15
N 245 2 4 8 12 15
N 246 3 4 8 12 15
N 247 3 5 9 12 13
N 248 0 5 7 12 15
N 249 2 5 7 12 15
N 250 3 5 7 12 15
N 251 0 5 9 12 13
N 252 1 5 9 12 13
N 253 2 5 9 10 15
N 254 1 5 9 10 15
N 255 3 6 7 12 13
N 256 3 6 9 11 13
N 257 1 6 9 10 14
N 258 3 6 9 10 14
N 259 2 6 7 11 15
N 260 3 6 7 11 15
N 261 1 6 9 11 13
N 262 1 6 7 10 15
N 263 2 6 9 10 13
N 264 0 6 7 10 15
N 265 0 4 9 11 15
N 266 3 4 9 11 15
N 267 0 6 9 10 13
N 268 2 6 8 10 15
N 269 3 6 8 10 15
N 270 0 5 9 10 15
N 271 3 4 9 12 13
N 272 2 6 9 12 14
N 273 0 6 9 12 14
N 274 1 6 7 12 13
N 275 2 6 7 12 13
N 276 0 4 7 12 15
N 277 2 4 7 12 15
N 278 3 4 7 12 15
N 279 0 4 9 12 13
N 280 1 4 9 12 13
N 281 2 4 9 10 15
N 282 1 4 9 10 15
N 283 1 6 8 12 15
N 284 0 6 8 12 15
N 285 2 5 9 12 15
N 286 1 5 9 12 15
N 287 3 5 9 10 15
N 288 3 6 9 12 14
N 289 3 6 9 10 13
N 290 2 6 9 11 15
N 291 1 6 9 11 15
N 292 2 6 7 10 15
N 293 3 6 7 10 15
N 294 1 6 9 10 13
N 295 0 6 9 11 15
N 296 0 4 9 10 15
N 297 3 6 8 12 15
N 298 1 6 9 12 14
N 299 1 6 7 12 15
N 300 2 6 9 12 13
N 301 0 6 7 12 15
N 302 2 4 9 12 15
N 303 0 6 9 12 13
N 304 1 4 9 12 15
N 305 3 4 9 10 15
N 306 2 6 8 12 15
N 307 0 5 9 12 15
N 308 3 5 9 12 15
N 309 3 6 9 12 13
N 310 3 6 9 11 15
N 311 2 6 9 10 15
N 312 3 6 7 12 15
N 313 1 6 9 10 15
N 314 0 6 9 10 15
N 315 2 6 7 12 15
N 316 1 6 9 12 13
N 317 0 4 9 12 15
N 318 3 4 9 12 15
N 319 3 6 9 10 15
G 320 2 6 9 12 15
G 321 1 6 9 12 15
G 322 0 6 9 12 15
G 323 3 6 9 12 15
