N 0 5 16 20 38
N 1 1 16 20 38
N 2 4 16 20 38
N 3 6 16 20 38
N 4 9 16 20 38
N 5 0 16 20 38
N 6 2 16 20 38
N 7 8 16 20 38
N 8 4 20 50
N 9 7 16 20 38
N 10 10 16 20 38
N 11 13 16 20 38
N 12 3 16 20 38
N 13 12 16 20 38
N 14 0 20 50
N 15 5 20 50
N 16 8 20 50
N 17 11 16 20 38
N 18 14 16 20 38
N 19 3 33 38
N 20 1 20 50
N 21 0 16 20 34
N 22 6 20 50
N 23 9 20 50
N 24 5 16 20 39
N 25 12 20 50
N 26 8 16 20 42
N 27 15 16 20 38
N 28 2 33 38
N 29 7 33 38
N 30 2 20 50
N 31 1 16 20 35
N 32 1 16 20 34
N 33 4 16 20 34
N 34 7 20 50
N 35 10 20 50
N 36 6 16 20 40
N 37 13 20 50
N 38 9 16 20 43
N 39 1 16 20 39
N 40 4 16 20 39
N 41 6 16 20 39
N 42 9 16 20 39
N 43 12 16 20 46
N 44 4 16 20 42
N 45 9 16 20 42
N 46 12 16 20 42
N 47 1 33 38
N 48 6 33 38
N 49 2 16 19 38
N 50 11 33 38
N 51 7 16 24 38
N 52 3 20 50
N 53 2 16 20 36
N 54 0 16 20 35
N 55 2 16 20 35
N 56 5 16 20 35
N 57 2 16 20 34
N 58 5 16 20 34
N 59 8 16 20 34
N 60 11 20 50
N 61 7 16 20 41
N 62 14 20 50
N 63 10 16 20 44
N 64 2 16 20 40
N 65 5 16 20 40
N 66 7 16 20 40
N 67 10 16 20 40
N 68 13 16 20 47
N 69 5 16 20 43
N 70 8 16 20 43
N 71 10 16 20 43
N 72 13 16 20 43
N 73 0 16 20 39
N 74 2 16 20 39
N 75 8 16 20 39
N 76 7 16 20 39
N 77 10 16 20 39
N 78 13 16 20 39
N 79 8 16 20 46
N 80 13 16 20 46
N 81 0 16 20 42
N 82 5 16 20 42
N 83 10 16 20 42
N 84 13 16 20 42
N 85 0 33 38
N 86 5 33 38
N 87 1 16 18 38
N 88 10 33 38
N 89 6 16 23 38
N 90 1 16 19 38
N 91 3 16 19 38
N 92 6 16 19 38
N 93 15 33 38
N 94 11 16 28 38
N 95 3 16 24 38
N 96 6 16 24 38
N 97 11 16 24 38
N 98 3 16 20 37
N 99 1 16 20 36
N 100 3 16 20 36
N 101 6 16 20 36
N 102 4 16 20 35
N 103 3 16 20 35
N 104 6 16 20 35
N 105 9 16 20 35
N 106 3 16 20 34
N 107 6 16 20 34
N 108 9 16 20 34
N 109 12 16 20 34
N 110 15 20 50
N 111 11 16 20 45
N 112 3 16 20 41
N 113 6 16 20 41
N 114 11 16 20 41
N 115 14 16 20 48
N 116 6 16 20 44
N 117 9 16 20 44
N 118 11 16 20 44
N 119 14 16 20 44
N 120 1 16 20 40
N 121 3 16 20 40
N 122 4 16 20 40
N 123 9 16 20 40
N 124 11 16 20 40
N 125 14 16 20 40
N 126 9 16 20 47
N 127 12 16 20 47
N 128 14 16 20 47
N 129 1 16 20 43
N 130 4 16 20 43
N 131 6 16 20 43
N 132 12 16 20 43
N 133 11 16 20 43
N 134 14 16 20 43
N 135 3 16 20 39
N 136 12 16 20 39
N 137 11 16 20 39
N 138 14 16 20 39
N 139 4 16 20 46
N 140 9 16 20 46
N 141 14 16 20 46
N 142 1 16 20 42
N 143 6 16 20 42
N 144 11 16 20 42
N 145 14 16 20 42
N 146 4 33 38
N 147 0 16 17 38
N 148 9 33 38
N 149 5 16 22 38
N 150 0 16 18 38
N 151 2 16 18 38
N 152 5 16 18 38
N 153 14 33 38
N 154 10 16 27 38
N 155 2 16 23 38
N 156 5 16 23 38
N 157 7 16 23 38
N 158 10 16 23 38
N 159 0 16 19 38
N 160 5 16 19 38
N 161 7 16 19 38
N 162 10 16 19 38
N 163 15 16 32 38
N 164 7 16 28 38
N 165 10 16 28 38
N 166 15 16 28 38
N 167 2 16 24 38
N 168 5 16 24 38
N 169 10 16 24 38
N 170 15 16 24 38
N 171 2 16 20 37
N 172 7 16 20 37
N 173 3 33 37
N 174 0 16 20 36
N 175 5 16 20 36
N 176 7 16 20 36
N 177 3 33 36
N 178 10 16 20 36
N 179 8 16 20 35
N 180 7 16 20 35
N 181 3 33 35
N 182 10 16 20 35
N 183 13 16 20 35
N 184 7 16 20 34
N 185 3 33 34
N 186 10 16 20 34
N 187 13 16 20 34
N 188 15 16 20 49
N 189 7 16 20 45
N 190 10 16 20 45
N 191 15 16 20 45
N 192 2 16 20 41
N 193 3 33 41
N 194 5 16 20 41
N 195 10 16 20 41
N 196 15 16 20 41
N 197 10 16 20 48
N 198 13 16 20 48
N 199 15 16 20 48
N 200 2 16 20 44
N 201 5 16 20 44
N 202 7 16 20 44
N 203 8 16 20 44
N 204 13 16 20 44
N 205 15 16 20 44
N 206 0 16 20 40
N 207 3 33 40
N 208 8 16 20 40
N 209 13 16 20 40
N 210 15 16 20 40
N 211 5 16 20 47
N 212 8 16 20 47
N 213 10 16 20 47
N 214 15 16 20 47
N 215 0 16 20 43
N 216 2 16 20 43
N 217 7 16 20 43
N 218 15 16 20 43
N 219 3 33 39
N 220 15 16 20 39
N 221 0 16 20 46
N 222 5 16 20 46
N 223 10 16 20 46
N 224 15 16 20 46
N 225 2 16 20 42
N 226 7 16 20 42
N 227 15 16 20 42
N 228 8 33 38
N 229 4 16 21 38
N 230 1 16 17 38
N 231 4 16 17 38
N 232 13 33 38
N 233 9 16 26 38
N 234 1 16 22 38
N 235 4 16 22 38
N 236 6 16 22 38
N 237 9 16 22 38
N 238 4 16 18 38
N 239 3 16 18 38
N 240 6 16 18 38
N 241 9 16 18 38
N 242 14 16 31 38
N 243 6 16 27 38
N 244 9 16 27 38
N 245 11 16 27 38
N 246 14 16 27 38
N 247 1 16 23 38
N 248 3 16 23 38
N 249 4 16 23 38
N 250 9 16 23 38
N 251 11 16 23 38
N 252 14 16 23 38
N 253 4 16 19 38
N 254 9 16 19 38
N 255 11 16 19 38
N 256 14 16 19 38
N 257 11 16 32 38
N 258 14 16 32 38
N 259 3 16 28 38
N 260 6 16 28 38
N 261 9 16 28 38
N 262 14 16 28 38
N 263 1 16 24 38
N 264 4 16 24 38
N 265 9 16 24 38
N 266 14 16 24 38
N 267 1 16 20 37
N 268 6 16 20 37
N 269 11 16 20 37
N 270 2 33 37
N 271 7 33 37
N 272 4 16 20 36
N 273 9 16 20 36
N 274 11 16 20 36
N 275 2 33 36
N 276 7 33 36
N 277 14 16 20 36
N 278 12 16 20 35
N 279 11 16 20 35
N 280 2 33 35
N 281 7 33 35
N 282 14 16 20 35
N 283 11 16 20 34
N 284 2 33 34
N 285 7 33 34
N 286 14 16 20 34
N 287 11 16 20 49
N 288 14 16 20 49
N 289 3 16 20 45
N 290 6 16 20 45
N 291 9 16 20 45
N 292 14 16 20 45
N 293 1 16 20 41
N 294 2 33 41
N 295 7 33 41
N 296 4 16 20 41
N 297 9 16 20 41
N 298 14 16 20 41
N 299 6 16 20 48
N 300 9 16 20 48
N 301 11 16 20 48
N 302 12 16 20 48
N 303 1 16 20 44
N 304 3 16 20 44
N 305 4 16 20 44
N 306 12 16 20 44
N 307 2 33 40
N 308 7 33 40
N 309 12 16 20 40
N 310 1 16 20 47
N 311 4 16 20 47
N 312 6 16 20 47
N 313 11 16 20 47
N 314 3 16 20 43
N 315 2 33 39
N 316 7 33 39
N 317 1 16 20 46
N 318 6 16 20 46
N 319 11 16 20 46
N 320 3 16 20 42
N 321 12 33 38
N 322 8 16 25 38
N 323 0 16 21 38
N 324 5 16 21 38
N 325 8 16 21 38
N 326 4 21 50
N 327 2 16 17 38
N 328 5 16 17 38
N 329 8 16 17 38
N 330 4 17 50
N 331 13 16 30 38
N 332 5 16 26 38
N 333 8 16 26 38
N 334 10 16 26 38
N 335 13 16 26 38
N 336 0 16 22 38
N 337 2 16 22 38
N 338 8 16 22 38
N 339 4 22 50
N 340 7 16 22 38
N 341 10 16 22 38
N 342 13 16 22 38
N 343 8 16 18 38
N 344 4 18 50
N 345 7 16 18 38
N 346 10 16 18 38
N 347 13 16 18 38
N 348 10 16 31 38
N 349 13 16 31 38
N 350 15 16 31 38
N 351 2 16 27 38
N 352 5 16 27 38
N 353 7 16 27 38
N 354 8 16 27 38
N 355 13 16 27 38
N 356 15 16 27 38
N 357 0 16 23 38
N 358 8 16 23 38
N 359 4 23 50
N 360 13 16 23 38
N 361 15 16 23 38
N 362 8 16 19 38
N 363 4 19 50
N 364 13 16 19 38
N 365 15 16 19 38
N 366 7 16 32 38
N 367 10 16 32 38
N 368 13 16 32 38
N 369 2 16 28 38
N 370 5 16 28 38
N 371 8 16 28 38
N 372 13 16 28 38
N 373 0 16 24 38
N 374 8 16 24 38
N 375 4 24 50
N 376 13 16 24 38
N 377 0 16 20 37
N 378 5 16 20 37
N 379 10 16 20 37
N 380 15 16 20 37
N 381 1 33 37
N 382 6 33 37
N 383 2 16 19 37
N 384 11 33 37
N 385 7 16 24 37
N 386 8 16 20 36
N 387 13 16 20 36
N 388 15 16 20 36
N 389 1 33 36
N 390 6 33 36
N 391 2 16 19 36
N 392 11 33 36
N 393 7 16 24 36
N 394 15 16 20 35
N 395 1 33 35
N 396 6 33 35
N 397 2 16 19 35
N 398 11 33 35
N 399 7 16 24 35
N 400 15 16 20 34
N 401 1 33 34
N 402 6 33 34
N 403 2 16 19 34
N 404 11 33 34
N 405 7 16 24 34
N 406 7 16 20 49
N 407 10 16 20 49
N 408 13 16 20 49
N 409 2 16 20 45
N 410 3 33 45
N 411 5 16 20 45
N 412 8 16 20 45
N 413 13 16 20 45
N 414 0 16 20 41
N 415 1 33 41
N 416 6 33 41
N 417 2 16 19 41
N 418 11 33 41
N 419 7 16 24 41
N 420 8 16 20 41
N 421 13 16 20 41
N 422 2 16 20 48
N 423 5 16 20 48
N 424 7 16 20 48
N 425 8 16 20 48
N 426 0 16 20 44
N 427 3 33 44
N 428 1 33 40
N 429 6 33 40
N 430 2 16 19 40
N 431 11 33 40
N 432 7 16 24 40
N 433 0 16 20 47
N 434 2 16 20 47
N 435 7 16 20 47
N 436 3 33 43
N 437 1 33 39
N 438 6 33 39
N 439 2 16 19 39
N 440 11 33 39
N 441 7 16 24 39
N 442 2 16 20 46
N 443 7 16 20 46
N 444 3 33 42
N 445 12 16 29 38
N 446 4 16 25 38
N 447 9 16 25 38
N 448 12 16 25 38
N 449 1 16 21 38
N 450 6 16 21 38
N 451 9 16 21 38
N 452 12 16 21 38
N 453 0 21 50
N 454 5 21 50
N 455 8 21 50
N 456 3 16 17 38
N 457 6 16 17 38
N 458 9 16 17 38
N 459 12 16 17 38
N 460 0 17 50
N 461 5 17 50
N 462 8 17 50
N 463 9 16 30 38
N 464 12 16 30 38
N 465 14 16 30 38
N 466 1 16 26 38
N 467 4 16 26 38
N 468 6 16 26 38
N 469 12 16 26 38
N 470 11 16 26 38
N 471 14 16 26 38
N 472 3 16 22 38
N 473 12 16 22 38
N 474 0 22 50
N 475 5 22 50
N 476 8 22 50
N 477 11 16 22 38
N 478 14 16 22 38
N 479 12 16 18 38
N 480 0 18 50
N 481 5 18 50
N 482 8 18 50
N 483 11 16 18 38
N 484 14 16 18 38
N 485 6 16 31 38
N 486 9 16 31 38
N 487 11 16 31 38
N 488 12 16 31 38
N 489 1 16 27 38
N 490 3 16 27 38
N 491 4 16 27 38
N 492 12 16 27 38
N 493 12 16 23 38
N 494 0 23 50
N 495 5 23 50
N 496 8 23 50
N 497 12 16 19 38
N 498 0 19 50
N 499 5 19 50
N 500 8 19 50
N 501 3 16 32 38
N 502 6 16 32 38
N 503 9 16 32 38
N 504 12 16 32 38
N 505 1 16 28 38
N 506 4 16 28 38
N 507 12 16 28 38
N 508 12 16 24 38
N 509 0 24 50
N 510 5 24 50
N 511 8 24 50
N 512 4 16 20 37
N 513 9 16 20 37
N 514 14 16 20 37
N 515 0 33 37
N 516 5 33 37
N 517 1 16 18 37
N 518 10 33 37
N 519 6 16 23 37
N 520 1 16 19 37
N 521 3 16 19 37
N 522 6 16 19 37
N 523 15 33 37
N 524 11 16 28 37
N 525 3 16 24 37
N 526 6 16 24 37
N 527 11 16 24 37
N 528 12 16 20 36
N 529 0 33 36
N 530 5 33 36
N 531 1 16 18 36
N 532 10 33 36
N 533 6 16 23 36
N 534 1 16 19 36
N 535 3 16 19 36
N 536 6 16 19 36
N 537 2 19 50
N 538 15 33 36
N 539 11 16 28 36
N 540 3 16 24 36
N 541 6 16 24 36
N 542 11 16 24 36
N 543 0 33 35
N 544 5 33 35
N 545 1 16 18 35
N 546 10 33 35
N 547 6 16 23 35
N 548 1 16 19 35
N 549 3 16 19 35
N 550 6 16 19 35
N 551 15 33 35
N 552 11 16 28 35
N 553 3 16 24 35
N 554 6 16 24 35
N 555 11 16 24 35
N 556 0 33 34
N 557 5 33 34
N 558 1 16 18 34
N 559 10 33 34
N 560 6 16 23 34
N 561 1 16 19 34
N 562 3 16 19 34
N 563 6 16 19 34
N 564 15 33 34
N 565 11 16 28 34
N 566 3 16 24 34
N 567 6 16 24 34
N 568 11 16 24 34
N 569 3 16 20 49
N 570 6 16 20 49
N 571 9 16 20 49
N 572 12 16 20 49
N 573 1 16 20 45
N 574 2 33 45
N 575 7 33 45
N 576 4 16 20 45
N 577 12 16 20 45
N 578 0 33 41
N 579 5 33 41
N 580 1 16 18 41
N 581 10 33 41
N 582 6 16 23 41
N 583 1 16 19 41
N 584 3 16 19 41
N 585 6 16 19 41
N 586 15 33 41
N 587 11 16 28 41
N 588 3 16 24 41
N 589 6 16 24 41
N 590 11 16 24 41
N 591 7 24 50
N 592 12 16 20 41
N 593 1 16 20 48
N 594 3 16 20 48
N 595 4 16 20 48
N 596 2 33 44
N 597 7 33 44
N 598 0 33 40
N 599 5 33 40
N 600 1 16 18 40
N 601 10 33 40
N 602 6 16 23 40
N 603 1 16 19 40
N 604 3 16 19 40
N 605 6 16 19 40
N 606 15 33 40
N 607 11 16 28 40
N 608 3 16 24 40
N 609 6 16 24 40
N 610 11 16 24 40
N 611 3 16 20 47
N 612 2 33 43
N 613 7 33 43
N 614 0 33 39
N 615 5 33 39
N 616 1 16 18 39
N 617 10 33 39
N 618 6 16 23 39
N 619 1 16 19 39
N 620 3 16 19 39
N 621 6 16 19 39
N 622 15 33 39
N 623 11 16 28 39
N 624 3 16 24 39
N 625 6 16 24 39
N 626 11 16 24 39
N 627 3 16 20 46
N 628 2 33 42
N 629 7 33 42
N 630 8 16 29 38
N 631 13 16 29 38
N 632 0 16 25 38
N 633 5 16 25 38
N 634 4 25 50
N 635 10 16 25 38
N 636 13 16 25 38
N 637 2 16 21 38
N 638 7 16 21 38
N 639 10 16 21 38
N 640 13 16 21 38
N 641 1 21 50
N 642 0 16 21 34
N 643 6 21 50
N 644 9 21 50
N 645 5 16 21 39
N 646 12 21 50
N 647 8 16 21 42
N 648 7 16 17 38
N 649 10 16 17 38
N 650 13 16 17 38
N 651 1 17 50
N 652 0 16 17 34
N 653 6 17 50
N 654 9 17 50
N 655 5 16 17 39
N 656 12 17 50
N 657 8 16 17 42
N 658 5 16 30 38
N 659 8 16 30 38
N 660 10 16 30 38
N 661 15 16 30 38
N 662 0 16 26 38
N 663 2 16 26 38
N 664 4 26 50
N 665 7 16 26 38
N 666 15 16 26 38
N 667 1 22 50
N 668 0 16 22 34
N 669 6 22 50
N 670 9 22 50
N 671 5 16 22 39
N 672 12 22 50
N 673 8 16 22 42
N 674 15 16 22 38
N 675 1 18 50
N 676 0 16 18 34
N 677 6 18 50
N 678 9 18 50
N 679 5 16 18 39
N 680 12 18 50
N 681 8 16 18 42
N 682 15 16 18 38
N 683 2 16 31 38
N 684 5 16 31 38
N 685 7 16 31 38
N 686 8 16 31 38
N 687 0 16 27 38
N 688 4 27 50
N 689 1 23 50
N 690 0 16 23 34
N 691 6 23 50
N 692 9 23 50
N 693 5 16 23 39
N 694 12 23 50
N 695 8 16 23 42
N 696 1 19 50
N 697 0 16 19 34
N 698 6 19 50
N 699 9 19 50
N 700 5 16 19 39
N 701 12 19 50
N 702 8 16 19 42
N 703 2 16 32 38
N 704 5 16 32 38
N 705 8 16 32 38
N 706 0 16 28 38
N 707 4 28 50
N 708 1 24 50
N 709 0 16 24 34
N 710 6 24 50
N 711 9 24 50
N 712 5 16 24 39
N 713 12 24 50
N 714 8 16 24 42
N 715 8 16 20 37
N 716 13 16 20 37
N 717 4 33 37
N 718 0 16 17 37
N 719 9 33 37
N 720 5 16 22 37
N 721 0 16 18 37
N 722 2 16 18 37
N 723 5 16 18 37
N 724 14 33 37
N 725 10 16 27 37
N 726 2 16 23 37
N 727 5 16 23 37
N 728 7 16 23 37
N 729 10 16 23 37
N 730 0 16 19 37
N 731 5 16 19 37
N 732 7 16 19 37
N 733 3 19 50
N 734 10 16 19 37
N 735 15 16 32 37
N 736 7 16 28 37
N 737 10 16 28 37
N 738 15 16 28 37
N 739 2 16 24 37
N 740 3 24 50
N 741 5 16 24 37
N 742 10 16 24 37
N 743 15 16 24 37
N 744 4 33 36
N 745 0 16 17 36
N 746 9 33 36
N 747 5 16 22 36
N 748 0 16 18 36
N 749 2 16 18 36
N 750 5 16 18 36
N 751 14 33 36
N 752 10 16 27 36
N 753 2 16 23 36
N 754 5 16 23 36
N 755 7 16 23 36
N 756 10 16 23 36
N 757 0 16 19 36
N 758 5 16 19 36
N 759 7 16 19 36
N 760 10 16 19 36
N 761 15 16 32 36
N 762 7 16 28 36
N 763 10 16 28 36
N 764 15 16 28 36
N 765 2 16 24 36
N 766 5 16 24 36
N 767 10 16 24 36
N 768 15 16 24 36
N 769 4 33 35
N 770 0 16 17 35
N 771 9 33 35
N 772 5 16 22 35
N 773 0 16 18 35
N 774 2 16 18 35
N 775 5 16 18 35
N 776 14 33 35
N 777 10 16 27 35
N 778 2 16 23 35
N 779 5 16 23 35
N 780 7 16 23 35
N 781 10 16 23 35
N 782 0 16 19 35
N 783 5 16 19 35
N 784 7 16 19 35
N 785 10 16 19 35
N 786 15 16 32 35
N 787 7 16 28 35
N 788 10 16 28 35
N 789 15 16 28 35
N 790 2 16 24 35
N 791 5 16 24 35
N 792 10 16 24 35
N 793 15 16 24 35
N 794 4 33 34
N 795 9 33 34
N 796 5 16 22 34
N 797 2 16 18 34
N 798 5 16 18 34
N 799 14 33 34
N 800 10 16 27 34
N 801 2 16 23 34
N 802 5 16 23 34
N 803 7 16 23 34
N 804 10 16 23 34
N 805 5 16 19 34
N 806 7 16 19 34
N 807 10 16 19 34
N 808 15 16 32 34
N 809 7 16 28 34
N 810 10 16 28 34
N 811 15 16 28 34
N 812 2 16 24 34
N 813 5 16 24 34
N 814 10 16 24 34
N 815 15 16 24 34
N 816 2 16 20 49
N 817 3 33 49
N 818 5 16 20 49
N 819 8 16 20 49
N 820 0 16 20 45
N 821 1 33 45
N 822 6 33 45
N 823 2 16 19 45
N 824 11 33 45
N 825 7 16 24 45
N 826 4 33 41
N 827 0 16 17 41
N 828 9 33 41
N 829 5 16 22 41
N 830 0 16 18 41
N 831 2 16 18 41
N 832 5 16 18 41
N 833 14 33 41
N 834 10 16 27 41
N 835 2 16 23 41
N 836 5 16 23 41
N 837 7 16 23 41
N 838 10 16 23 41
N 839 0 16 19 41
N 840 5 16 19 41
N 841 7 16 19 41
N 842 10 16 19 41
N 843 15 16 32 41
N 844 7 16 28 41
N 845 10 16 28 41
N 846 15 16 28 41
N 847 2 16 24 41
N 848 5 16 24 41
N 849 10 16 24 41
N 850 15 16 24 41
N 851 11 24 50
N 852 0 16 20 48
N 853 3 33 48
N 854 1 33 44
N 855 6 33 44
N 856 2 16 19 44
N 857 11 33 44
N 858 7 16 24 44
N 859 4 33 40
N 860 0 16 17 40
N 861 9 33 40
N 862 5 16 22 40
N 863 0 16 18 40
N 864 2 16 18 40
N 865 5 16 18 40
N 866 14 33 40
N 867 10 16 27 40
N 868 2 16 23 40
N 869 5 16 23 40
N 870 7 16 23 40
N 871 10 16 23 40
N 872 0 16 19 40
N 873 5 16 19 40
N 874 7 16 19 40
N 875 10 16 19 40
N 876 15 16 32 40
N 877 7 16 28 40
N 878 10 16 28 40
N 879 15 16 28 40
N 880 2 16 24 40
N 881 5 16 24 40
N 882 10 16 24 40
N 883 15 16 24 40
N 884 3 33 47
N 885 1 33 43
N 886 6 33 43
N 887 2 16 19 43
N 888 11 33 43
N 889 7 16 24 43
N 890 4 33 39
N 891 0 16 17 39
N 892 9 33 39
N 893 0 16 18 39
N 894 2 16 18 39
N 895 14 33 39
N 896 10 16 27 39
N 897 2 16 23 39
N 898 7 16 23 39
N 899 10 16 23 39
N 900 0 16 19 39
N 901 7 16 19 39
N 902 10 16 19 39
N 903 15 16 32 39
N 904 7 16 28 39
N 905 10 16 28 39
N 906 15 16 28 39
N 907 2 16 24 39
N 908 10 16 24 39
N 909 15 16 24 39
N 910 3 33 46
N 911 1 33 42
N 912 6 33 42
N 913 2 16 19 42
N 914 11 33 42
N 915 7 16 24 42
N 916 4 16 29 38
N 917 9 16 29 38
N 918 14 16 29 38
N 919 1 16 25 38
N 920 6 16 25 38
N 921 0 25 50
N 922 5 25 50
N 923 8 25 50
N 924 11 16 25 38
N 925 14 16 25 38
N 926 3 16 21 38
N 927 11 16 21 38
N 928 14 16 21 38
N 929 2 21 50
N 930 1 16 21 35
N 931 1 16 21 34
N 932 4 16 21 34
N 933 7 21 50
N 934 10 21 50
N 935 6 16 21 40
N 936 13 21 50
N 937 9 16 21 43
N 938 1 16 21 39
N 939 4 16 21 39
N 940 6 16 21 39
N 941 9 16 21 39
N 942 12 16 21 46
N 943 4 16 21 42
N 944 9 16 21 42
N 945 12 16 21 42
N 946 11 16 17 38
N 947 14 16 17 38
N 948 2 17 50
N 949 1 16 17 35
N 950 1 16 17 34
N 951 4 16 17 34
N 952 7 17 50
N 953 10 17 50
N 954 6 16 17 40
N 955 13 17 50
N 956 9 16 17 43
N 957 1 16 17 39
N 958 4 16 17 39
N 959 6 16 17 39
N 960 9 16 17 39
N 961 12 16 17 46
N 962 4 16 17 42
N 963 9 16 17 42
N 964 12 16 17 42
N 965 1 16 30 38
N 966 4 16 30 38
N 967 6 16 30 38
N 968 11 16 30 38
N 969 3 16 26 38
N 970 0 26 50
N 971 5 26 50
N 972 8 26 50
N 973 2 22 50
N 974 1 16 22 35
N 975 1 16 22 34
N 976 4 16 22 34
N 977 7 22 50
N 978 10 22 50
N 979 6 16 22 40
N 980 13 22 50
N 981 9 16 22 43
N 982 1 16 22 39
N 983 4 16 22 39
N 984 6 16 22 39
N 985 9 16 22 39
N 986 12 16 22 46
N 987 4 16 22 42
N 988 9 16 22 42
N 989 12 16 22 42
N 990 2 18 50
N 991 4 16 18 34
N 992 7 18 50
N 993 10 18 50
N 994 6 16 18 40
N 995 13 18 50
N 996 9 16 18 43
N 997 4 16 18 39
N 998 6 16 18 39
N 999 9 16 18 39
N 1000 12 16 18 46
N 1001 4 16 18 42
N 1002 9 16 18 42
N 1003 12 16 18 42
N 1004 1 16 31 38
N 1005 3 16 31 38
N 1006 4 16 31 38
N 1007 0 27 50
N 1008 5 27 50
N 1009 8 27 50
N 1010 2 23 50
N 1011 1 16 23 35
N 1012 1 16 23 34
N 1013 4 16 23 34
N 1014 7 23 50
N 1015 10 23 50
N 1016 13 23 50
N 1017 9 16 23 43
N 1018 1 16 23 39
N 1019 4 16 23 39
N 1020 9 16 23 39
N 1021 12 16 23 46
N 1022 4 16 23 42
N 1023 9 16 23 42
N 1024 12 16 23 42
N 1025 4 16 19 34
N 1026 7 19 50
N 1027 10 19 50
N 1028 13 19 50
N 1029 9 16 19 43
N 1030 4 16 19 39
N 1031 9 16 19 39
N 1032 12 16 19 46
N 1033 4 16 19 42
N 1034 9 16 19 42
N 1035 12 16 19 42
N 1036 1 16 32 38
N 1037 4 16 32 38
N 1038 0 28 50
N 1039 5 28 50
N 1040 8 28 50
N 1041 2 24 50
N 1042 1 16 24 35
N 1043 1 16 24 34
N 1044 4 16 24 34
N 1045 10 24 50
N 1046 13 24 50
N 1047 9 16 24 43
N 1048 1 16 24 39
N 1049 4 16 24 39
N 1050 9 16 24 39
N 1051 12 16 24 46
N 1052 4 16 24 42
N 1053 9 16 24 42
N 1054 12 16 24 42
N 1055 12 16 20 37
N 1056 8 33 37
N 1057 4 16 21 37
N 1058 1 16 17 37
N 1059 4 16 17 37
N 1060 13 33 37
N 1061 9 16 26 37
N 1062 1 16 22 37
N 1063 4 16 22 37
N 1064 6 16 22 37
N 1065 9 16 22 37
N 1066 4 16 18 37
N 1067 3 16 18 37
N 1068 6 16 18 37
N 1069 9 16 18 37
N 1070 14 16 31 37
N 1071 6 16 27 37
N 1072 9 16 27 37
N 1073 11 16 27 37
N 1074 14 16 27 37
N 1075 1 16 23 37
N 1076 3 16 23 37
N 1077 4 16 23 37
N 1078 9 16 23 37
N 1079 11 16 23 37
N 1080 14 16 23 37
N 1081 4 16 19 37
N 1082 9 16 19 37
N 1083 11 16 19 37
N 1084 14 16 19 37
N 1085 11 16 32 37
N 1086 14 16 32 37
N 1087 3 16 28 37
N 1088 6 16 28 37
N 1089 9 16 28 37
N 1090 14 16 28 37
N 1091 1 16 24 37
N 1092 4 16 24 37
N 1093 9 16 24 37
N 1094 14 16 24 37
N 1095 8 33 36
N 1096 4 16 21 36
N 1097 1 16 17 36
N 1098 4 16 17 36
N 1099 13 33 36
N 1100 9 16 26 36
N 1101 1 16 22 36
N 1102 4 16 22 36
N 1103 6 16 22 36
N 1104 9 16 22 36
N 1105 4 16 18 36
N 1106 3 16 18 36
N 1107 6 16 18 36
N 1108 9 16 18 36
N 1109 14 16 31 36
N 1110 6 16 27 36
N 1111 9 16 27 36
N 1112 11 16 27 36
N 1113 14 16 27 36
N 1114 1 16 23 36
N 1115 3 16 23 36
N 1116 4 16 23 36
N 1117 9 16 23 36
N 1118 11 16 23 36
N 1119 14 16 23 36
N 1120 4 16 19 36
N 1121 9 16 19 36
N 1122 11 16 19 36
N 1123 14 16 19 36
N 1124 11 16 32 36
N 1125 14 16 32 36
N 1126 3 16 28 36
N 1127 6 16 28 36
N 1128 9 16 28 36
N 1129 14 16 28 36
N 1130 1 16 24 36
N 1131 4 16 24 36
N 1132 9 16 24 36
N 1133 14 16 24 36
N 1134 8 33 35
N 1135 4 16 21 35
N 1136 4 16 17 35
N 1137 13 33 35
N 1138 9 16 26 35
N 1139 4 16 22 35
N 1140 6 16 22 35
N 1141 9 16 22 35
N 1142 4 16 18 35
N 1143 3 16 18 35
N 1144 6 16 18 35
N 1145 9 16 18 35
N 1146 14 16 31 35
N 1147 6 16 27 35
N 1148 9 16 27 35
N 1149 11 16 27 35
N 1150 14 16 27 35
N 1151 3 16 23 35
N 1152 4 16 23 35
N 1153 9 16 23 35
N 1154 11 16 23 35
N 1155 14 16 23 35
N 1156 4 16 19 35
N 1157 9 16 19 35
N 1158 11 16 19 35
N 1159 14 16 19 35
N 1160 11 16 32 35
N 1161 14 16 32 35
N 1162 3 16 28 35
N 1163 6 16 28 35
N 1164 9 16 28 35
N 1165 14 16 28 35
N 1166 4 16 24 35
N 1167 9 16 24 35
N 1168 14 16 24 35
N 1169 8 33 34
N 1170 13 33 34
N 1171 9 16 26 34
N 1172 6 16 22 34
N 1173 9 16 22 34
N 1174 3 16 18 34
N 1175 6 16 18 34
N 1176 9 16 18 34
N 1177 14 16 31 34
N 1178 6 16 27 34
N 1179 9 16 27 34
N 1180 11 16 27 34
N 1181 14 16 27 34
N 1182 3 16 23 34
N 1183 9 16 23 34
N 1184 11 16 23 34
N 1185 14 16 23 34
N 1186 9 16 19 34
N 1187 11 16 19 34
N 1188 14 16 19 34
N 1189 11 16 32 34
N 1190 14 16 32 34
N 1191 3 16 28 34
N 1192 6 16 28 34
N 1193 9 16 28 34
N 1194 14 16 28 34
N 1195 9 16 24 34
N 1196 14 16 24 34
N 1197 1 16 20 49
N 1198 2 33 49
N 1199 7 33 49
N 1200 4 16 20 49
N 1201 0 33 45
N 1202 5 33 45
N 1203 1 16 18 45
N 1204 10 33 45
N 1205 6 16 23 45
N 1206 1 16 19 45
N 1207 3 16 19 45
N 1208 6 16 19 45
N 1209 15 33 45
N 1210 11 16 28 45
N 1211 3 16 24 45
N 1212 6 16 24 45
N 1213 11 16 24 45
N 1214 8 33 41
N 1215 4 16 21 41
N 1216 1 16 17 41
N 1217 4 16 17 41
N 1218 13 33 41
N 1219 9 16 26 41
N 1220 1 16 22 41
N 1221 4 16 22 41
N 1222 6 16 22 41
N 1223 9 16 22 41
N 1224 4 16 18 41
N 1225 3 16 18 41
N 1226 6 16 18 41
N 1227 9 16 18 41
N 1228 14 16 31 41
N 1229 6 16 27 41
N 1230 9 16 27 41
N 1231 11 16 27 41
N 1232 14 16 27 41
N 1233 1 16 23 41
N 1234 3 16 23 41
N 1235 4 16 23 41
N 1236 9 16 23 41
N 1237 11 16 23 41
N 1238 14 16 23 41
N 1239 4 16 19 41
N 1240 9 16 19 41
N 1241 11 16 19 41
N 1242 14 16 19 41
N 1243 11 16 32 41
N 1244 14 16 32 41
N 1245 3 16 28 41
N 1246 6 16 28 41
N 1247 7 28 50
N 1248 9 16 28 41
N 1249 14 16 28 41
N 1250 1 16 24 41
N 1251 4 16 24 41
N 1252 9 16 24 41
N 1253 14 16 24 41
N 1254 15 24 50
N 1255 2 33 48
N 1256 7 33 48
N 1257 0 33 44
N 1258 5 33 44
N 1259 1 16 18 44
N 1260 10 33 44
N 1261 6 16 23 44
N 1262 1 16 19 44
N 1263 3 16 19 44
N 1264 6 16 19 44
N 1265 15 33 44
N 1266 11 16 28 44
N 1267 3 16 24 44
N 1268 6 16 24 44
N 1269 11 16 24 44
N 1270 8 33 40
N 1271 4 16 21 40
N 1272 1 16 17 40
N 1273 4 16 17 40
N 1274 13 33 40
N 1275 9 16 26 40
N 1276 1 16 22 40
N 1277 4 16 22 40
N 1278 9 16 22 40
N 1279 4 16 18 40
N 1280 3 16 18 40
N 1281 9 16 18 40
N 1282 14 16 31 40
N 1283 6 16 27 40
N 1284 9 16 27 40
N 1285 11 16 27 40
N 1286 14 16 27 40
N 1287 1 16 23 40
N 1288 3 16 23 40
N 1289 4 16 23 40
N 1290 9 16 23 40
N 1291 11 16 23 40
N 1292 14 16 23 40
N 1293 4 16 19 40
N 1294 9 16 19 40
N 1295 11 16 19 40
N 1296 14 16 19 40
N 1297 11 16 32 40
N 1298 14 16 32 40
N 1299 3 16 28 40
N 1300 6 16 28 40
N 1301 9 16 28 40
N 1302 14 16 28 40
N 1303 1 16 24 40
N 1304 4 16 24 40
N 1305 9 16 24 40
N 1306 14 16 24 40
N 1307 2 33 47
N 1308 7 33 47
N 1309 0 33 43
N 1310 5 33 43
N 1311 1 16 18 43
N 1312 10 33 43
N 1313 6 16 23 43
N 1314 1 16 19 43
N 1315 3 16 19 43
N 1316 6 16 19 43
N 1317 15 33 43
N 1318 11 16 28 43
N 1319 3 16 24 43
N 1320 6 16 24 43
N 1321 11 16 24 43
N 1322 8 33 39
N 1323 13 33 39
N 1324 9 16 26 39
N 1325 3 16 18 39
N 1326 14 16 31 39
N 1327 6 16 27 39
N 1328 9 16 27 39
N 1329 11 16 27 39
N 1330 14 16 27 39
N 1331 3 16 23 39
N 1332 11 16 23 39
N 1333 14 16 23 39
N 1334 11 16 19 39
N 1335 14 16 19 39
N 1336 11 16 32 39
N 1337 14 16 32 39
N 1338 3 16 28 39
N 1339 6 16 28 39
N 1340 9 16 28 39
N 1341 14 16 28 39
N 1342 14 16 24 39
N 1343 2 33 46
N 1344 7 33 46
N 1345 0 33 42
N 1346 5 33 42
N 1347 1 16 18 42
N 1348 10 33 42
N 1349 6 16 23 42
N 1350 1 16 19 42
N 1351 3 16 19 42
N 1352 6 16 19 42
N 1353 15 33 42
N 1354 11 16 28 42
N 1355 3 16 24 42
N 1356 6 16 24 42
N 1357 11 16 24 42
N 1358 0 16 29 38
N 1359 5 16 29 38
N 1360 4 29 50
N 1361 10 16 29 38
N 1362 15 16 29 38
N 1363 2 16 25 38
N 1364 7 16 25 38
N 1365 1 25 50
N 1366 0 16 25 34
N 1367 6 25 50
N 1368 9 25 50
N 1369 5 16 25 39
N 1370 12 25 50
N 1371 8 16 25 42
N 1372 15 16 25 38
N 1373 15 16 21 38
N 1374 3 21 50
N 1375 2 16 21 36
N 1376 0 16 21 35
N 1377 2 16 21 35
N 1378 5 16 21 35
N 1379 2 16 21 34
N 1380 5 16 21 34
N 1381 8 16 21 34
N 1382 11 21 50
N 1383 7 16 21 41
N 1384 14 21 50
N 1385 10 16 21 44
N 1386 2 16 21 40
N 1387 5 16 21 40
N 1388 7 16 21 40
N 1389 10 16 21 40
N 1390 13 16 21 47
N 1391 5 16 21 43
N 1392 8 16 21 43
N 1393 10 16 21 43
N 1394 13 16 21 43
N 1395 0 16 21 39
N 1396 2 16 21 39
N 1397 8 16 21 39
N 1398 7 16 21 39
N 1399 10 16 21 39
N 1400 13 16 21 39
N 1401 8 16 21 46
N 1402 13 16 21 46
N 1403 0 16 21 42
N 1404 5 16 21 42
N 1405 4 33 42
N 1406 10 16 21 42
N 1407 13 16 21 42
N 1408 15 16 17 38
N 1409 3 17 50
N 1410 2 16 17 36
N 1411 2 16 17 35
N 1412 5 16 17 35
N 1413 2 16 17 34
N 1414 5 16 17 34
N 1415 8 16 17 34
N 1416 11 17 50
N 1417 7 16 17 41
N 1418 14 17 50
N 1419 10 16 17 44
N 1420 2 16 17 40
N 1421 5 16 17 40
N 1422 7 16 17 40
N 1423 10 16 17 40
N 1424 13 16 17 47
N 1425 5 16 17 43
N 1426 8 16 17 43
N 1427 10 16 17 43
N 1428 13 16 17 43
N 1429 2 16 17 39
N 1430 8 16 17 39
N 1431 7 16 17 39
N 1432 10 16 17 39
N 1433 13 16 17 39
N 1434 8 16 17 46
N 1435 13 16 17 46
N 1436 0 16 17 42
N 1437 5 16 17 42
N 1438 10 16 17 42
N 1439 13 16 17 42
N 1440 0 16 30 38
N 1441 2 16 30 38
N 1442 4 30 50
N 1443 7 16 30 38
N 1444 1 26 50
N 1445 0 16 26 34
N 1446 6 26 50
N 1447 9 26 50
N 1448 5 16 26 39
N 1449 12 26 50
N 1450 8 16 26 42
N 1451 3 22 50
N 1452 2 16 22 36
N 1453 0 16 22 35
N 1454 2 16 22 35
N 1455 2 16 22 34
N 1456 8 16 22 34
N 1457 11 22 50
N 1458 7 16 22 41
N 1459 14 22 50
N 1460 10 16 22 44
N 1461 2 16 22 40
N 1462 7 16 22 40
N 1463 10 16 22 40
N 1464 13 16 22 47
N 1465 5 16 22 43
N 1466 8 16 22 43
N 1467 10 16 22 43
N 1468 13 16 22 43
N 1469 0 16 22 39
N 1470 2 16 22 39
N 1471 8 16 22 39
N 1472 7 16 22 39
N 1473 10 16 22 39
N 1474 13 16 22 39
N 1475 8 16 22 46
N 1476 13 16 22 46
N 1477 0 16 22 42
N 1478 5 16 22 42
N 1479 10 16 22 42
N 1480 13 16 22 42
N 1481 3 18 50
N 1482 8 16 18 34
N 1483 11 18 50
N 1484 7 16 18 41
N 1485 14 18 50
N 1486 10 16 18 44
N 1487 7 16 18 40
N 1488 10 16 18 40
N 1489 13 16 18 47
N 1490 5 16 18 43
N 1491 8 16 18 43
N 1492 10 16 18 43
N 1493 13 16 18 43
N 1494 8 16 18 39
N 1495 7 16 18 39
N 1496 10 16 18 39
N 1497 13 16 18 39
N 1498 8 16 18 46
N 1499 13 16 18 46
N 1500 0 16 18 42
N 1501 5 16 18 42
N 1502 10 16 18 42
N 1503 13 16 18 42
N 1504 0 16 31 38
N 1505 4 31 50
N 1506 1 27 50
N 1507 0 16 27 34
N 1508 6 27 50
N 1509 9 27 50
N 1510 5 16 27 39
N 1511 12 27 50
N 1512 8 16 27 42
N 1513 3 23 50
N 1514 0 16 23 35
N 1515 8 16 23 34
N 1516 11 23 50
N 1517 14 23 50
N 1518 10 16 23 44
N 1519 13 16 23 47
N 1520 5 16 23 43
N 1521 8 16 23 43
N 1522 10 16 23 43
N 1523 13 16 23 43
N 1524 0 16 23 39
N 1525 8 16 23 39
N 1526 13 16 23 39
N 1527 8 16 23 46
N 1528 13 16 23 46
N 1529 0 16 23 42
N 1530 5 16 23 42
N 1531 10 16 23 42
N 1532 13 16 23 42
N 1533 8 16 19 34
N 1534 11 19 50
N 1535 14 19 50
N 1536 10 16 19 44
N 1537 13 16 19 47
N 1538 5 16 19 43
N 1539 8 16 19 43
N 1540 10 16 19 43
N 1541 13 16 19 43
N 1542 8 16 19 39
N 1543 13 16 19 39
N 1544 8 16 19 46
N 1545 13 16 19 46
N 1546 0 16 19 42
N 1547 5 16 19 42
N 1548 10 16 19 42
N 1549 13 16 19 42
N 1550 0 16 32 38
N 1551 4 32 50
N 1552 1 28 50
N 1553 0 16 28 34
N 1554 6 28 50
N 1555 9 28 50
N 1556 5 16 28 39
N 1557 12 28 50
N 1558 8 16 28 42
N 1559 0 16 24 35
N 1560 8 16 24 34
N 1561 14 24 50
N 1562 10 16 24 44
N 1563 13 16 24 47
N 1564 5 16 24 43
N 1565 8 16 24 43
N 1566 10 16 24 43
N 1567 13 16 24 43
N 1568 0 16 24 39
N 1569 8 16 24 39
N 1570 13 16 24 39
N 1571 8 16 24 46
N 1572 13 16 24 46
N 1573 0 16 24 42
N 1574 5 16 24 42
N 1575 10 16 24 42
N 1576 13 16 24 42
N 1577 12 33 37
N 1578 8 16 25 37
N 1579 0 16 21 37
N 1580 5 16 21 37
N 1581 8 16 21 37
N 1582 2 16 17 37
N 1583 5 16 17 37
N 1584 8 16 17 37
N 1585 13 16 30 37
N 1586 5 16 26 37
N 1587 8 16 26 37
N 1588 10 16 26 37
N 1589 13 16 26 37
N 1590 0 16 22 37
N 1591 2 16 22 37
N 1592 8 16 22 37
N 1593 7 16 22 37
N 1594 10 16 22 37
N 1595 13 16 22 37
N 1596 8 16 18 37
N 1597 7 16 18 37
N 1598 10 16 18 37
N 1599 13 16 18 37
N 1600 10 16 31 37
N 1601 13 16 31 37
N 1602 15 16 31 37
N 1603 2 16 27 37
N 1604 5 16 27 37
N 1605 7 16 27 37
N 1606 8 16 27 37
N 1607 13 16 27 37
N 1608 15 16 27 37
N 1609 0 16 23 37
N 1610 8 16 23 37
N 1611 13 16 23 37
N 1612 15 16 23 37
N 1613 8 16 19 37
N 1614 13 16 19 37
N 1615 15 16 19 37
N 1616 7 16 32 37
N 1617 10 16 32 37
N 1618 13 16 32 37
N 1619 2 16 28 37
N 1620 3 28 50
N 1621 5 16 28 37
N 1622 8 16 28 37
N 1623 13 16 28 37
N 1624 0 16 24 37
N 1625 8 16 24 37
N 1626 13 16 24 37
N 1627 12 33 36
N 1628 8 16 25 36
N 1629 0 16 21 36
N 1630 5 16 21 36
N 1631 8 16 21 36
N 1632 5 16 17 36
N 1633 8 16 17 36
N 1634 13 16 30 36
N 1635 5 16 26 36
N 1636 8 16 26 36
N 1637 10 16 26 36
N 1638 13 16 26 36
N 1639 0 16 22 36
N 1640 8 16 22 36
N 1641 7 16 22 36
N 1642 10 16 22 36
N 1643 13 16 22 36
N 1644 8 16 18 36
N 1645 7 16 18 36
N 1646 10 16 18 36
N 1647 13 16 18 36
N 1648 10 16 31 36
N 1649 13 16 31 36
N 1650 15 16 31 36
N 1651 2 16 27 36
N 1652 5 16 27 36
N 1653 7 16 27 36
N 1654 8 16 27 36
N 1655 13 16 27 36
N 1656 15 16 27 36
N 1657 0 16 23 36
N 1658 8 16 23 36
N 1659 13 16 23 36
N 1660 15 16 23 36
N 1661 8 16 19 36
N 1662 13 16 19 36
N 1663 15 16 19 36
N 1664 7 16 32 36
N 1665 10 16 32 36
N 1666 13 16 32 36
N 1667 2 16 28 36
N 1668 5 16 28 36
N 1669 8 16 28 36
N 1670 13 16 28 36
N 1671 0 16 24 36
N 1672 8 16 24 36
N 1673 13 16 24 36
N 1674 12 33 35
N 1675 8 16 25 35
N 1676 8 16 21 35
N 1677 8 16 17 35
N 1678 13 16 30 35
N 1679 5 16 26 35
N 1680 8 16 26 35
N 1681 10 16 26 35
N 1682 13 16 26 35
N 1683 8 16 22 35
N 1684 7 16 22 35
N 1685 10 16 22 35
N 1686 13 16 22 35
N 1687 8 16 18 35
N 1688 7 16 18 35
N 1689 10 16 18 35
N 1690 13 16 18 35
N 1691 10 16 31 35
N 1692 13 16 31 35
N 1693 15 16 31 35
N 1694 2 16 27 35
N 1695 5 16 27 35
N 1696 7 16 27 35
N 1697 8 16 27 35
N 1698 13 16 27 35
N 1699 15 16 27 35
N 1700 8 16 23 35
N 1701 13 16 23 35
N 1702 15 16 23 35
N 1703 8 16 19 35
N 1704 13 16 19 35
N 1705 15 16 19 35
N 1706 7 16 32 35
N 1707 10 16 32 35
N 1708 13 16 32 35
N 1709 2 16 28 35
N 1710 5 16 28 35
N 1711 8 16 28 35
N 1712 13 16 28 35
N 1713 8 16 24 35
N 1714 13 16 24 35
N 1715 12 33 34
N 1716 8 16 25 34
N 1717 13 16 30 34
N 1718 5 16 26 34
N 1719 8 16 26 34
N 1720 10 16 26 34
N 1721 13 16 26 34
N 1722 7 16 22 34
N 1723 10 16 22 34
N 1724 13 16 22 34
N 1725 7 16 18 34
N 1726 10 16 18 34
N 1727 13 16 18 34
N 1728 10 16 31 34
N 1729 13 16 31 34
N 1730 15 16 31 34
N 1731 2 16 27 34
N 1732 5 16 27 34
N 1733 7 16 27 34
N 1734 8 16 27 34
N 1735 13 16 27 34
N 1736 15 16 27 34
N 1737 13 16 23 34
N 1738 15 16 23 34
N 1739 13 16 19 34
N 1740 15 16 19 34
N 1741 7 16 32 34
N 1742 10 16 32 34
N 1743 13 16 32 34
N 1744 2 16 28 34
N 1745 5 16 28 34
N 1746 8 16 28 34
N 1747 13 16 28 34
N 1748 13 16 24 34
N 1749 0 16 20 49
N 1750 1 33 49
N 1751 6 33 49
N 1752 2 16 19 49
N 1753 11 33 49
N 1754 7 16 24 49
N 1755 4 33 45
N 1756 0 16 17 45
N 1757 9 33 45
N 1758 5 16 22 45
N 1759 0 16 18 45
N 1760 2 16 18 45
N 1761 5 16 18 45
N 1762 14 33 45
N 1763 10 16 27 45
N 1764 2 16 23 45
N 1765 5 16 23 45
N 1766 7 16 23 45
N 1767 10 16 23 45
N 1768 0 16 19 45
N 1769 5 16 19 45
N 1770 7 16 19 45
N 1771 10 16 19 45
N 1772 15 16 32 45
N 1773 7 16 28 45
N 1774 10 16 28 45
N 1775 15 16 28 45
N 1776 11 28 50
N 1777 2 16 24 45
N 1778 5 16 24 45
N 1779 10 16 24 45
N 1780 15 16 24 45
N 1781 12 33 41
N 1782 8 16 25 41
N 1783 0 16 21 41
N 1784 5 16 21 41
N 1785 8 16 21 41
N 1786 2 16 17 41
N 1787 5 16 17 41
N 1788 8 16 17 41
N 1789 13 16 30 41
N 1790 5 16 26 41
N 1791 8 16 26 41
N 1792 10 16 26 41
N 1793 13 16 26 41
N 1794 0 16 22 41
N 1795 2 16 22 41
N 1796 8 16 22 41
N 1797 10 16 22 41
N 1798 13 16 22 41
N 1799 8 16 18 41
N 1800 10 16 18 41
N 1801 13 16 18 41
N 1802 10 16 31 41
N 1803 13 16 31 41
N 1804 15 16 31 41
N 1805 2 16 27 41
N 1806 5 16 27 41
N 1807 7 16 27 41
N 1808 8 16 27 41
N 1809 13 16 27 41
N 1810 15 16 27 41
N 1811 0 16 23 41
N 1812 8 16 23 41
N 1813 13 16 23 41
N 1814 15 16 23 41
N 1815 8 16 19 41
N 1816 13 16 19 41
N 1817 15 16 19 41
N 1818 7 16 32 41
N 1819 10 16 32 41
N 1820 13 16 32 41
N 1821 2 16 28 41
N 1822 5 16 28 41
N 1823 8 16 28 41
N 1824 13 16 28 41
N 1825 0 16 24 41
N 1826 8 16 24 41
N 1827 13 16 24 41
N 1828 15 16 24 49
N 1829 1 33 48
N 1830 6 33 48
N 1831 2 16 19 48
N 1832 11 33 48
N 1833 7 16 24 48
N 1834 4 33 44
N 1835 0 16 17 44
N 1836 9 33 44
N 1837 5 16 22 44
N 1838 0 16 18 44
N 1839 2 16 18 44
N 1840 5 16 18 44
N 1841 14 33 44
N 1842 10 16 27 44
N 1843 2 16 23 44
N 1844 5 16 23 44
N 1845 7 16 23 44
N 1846 0 16 19 44
N 1847 5 16 19 44
N 1848 7 16 19 44
N 1849 15 16 32 44
N 1850 7 16 28 44
N 1851 10 16 28 44
N 1852 15 16 28 44
N 1853 2 16 24 44
N 1854 5 16 24 44
N 1855 15 16 24 44
N 1856 12 33 40
N 1857 8 16 25 40
N 1858 0 16 21 40
N 1859 8 16 21 40
N 1860 8 16 17 40
N 1861 13 16 30 40
N 1862 5 16 26 40
N 1863 8 16 26 40
N 1864 10 16 26 40
N 1865 13 16 26 40
N 1866 0 16 22 40
N 1867 8 16 22 40
N 1868 13 16 22 40
N 1869 8 16 18 40
N 1870 13 16 18 40
N 1871 10 16 31 40
N 1872 13 16 31 40
N 1873 15 16 31 40
N 1874 2 16 27 40
N 1875 5 16 27 40
N 1876 7 16 27 40
N 1877 8 16 27 40
N 1878 13 16 27 40
N 1879 15 16 27 40
N 1880 0 16 23 40
N 1881 8 16 23 40
N 1882 13 16 23 40
N 1883 15 16 23 40
N 1884 8 16 19 40
N 1885 13 16 19 40
N 1886 15 16 19 40
N 1887 7 16 32 40
N 1888 10 16 32 40
N 1889 13 16 32 40
N 1890 2 16 28 40
N 1891 5 16 28 40
N 1892 8 16 28 40
N 1893 13 16 28 40
N 1894 0 16 24 40
N 1895 8 16 24 40
N 1896 13 16 24 40
N 1897 1 33 47
N 1898 6 33 47
N 1899 2 16 19 47
N 1900 11 33 47
N 1901 7 16 24 47
N 1902 4 33 43
N 1903 0 16 17 43
N 1904 9 33 43
N 1905 0 16 18 43
N 1906 2 16 18 43
N 1907 14 33 43
N 1908 10 16 27 43
N 1909 2 16 23 43
N 1910 7 16 23 43
N 1911 0 16 19 43
N 1912 7 16 19 43
N 1913 15 16 32 43
N 1914 7 16 28 43
N 1915 10 16 28 43
N 1916 15 16 28 43
N 1917 2 16 24 43
N 1918 15 16 24 43
N 1919 12 33 39
N 1920 8 16 25 39
N 1921 13 16 30 39
N 1922 8 16 26 39
N 1923 10 16 26 39
N 1924 13 16 26 39
N 1925 10 16 31 39
N 1926 13 16 31 39
N 1927 15 16 31 39
N 1928 2 16 27 39
N 1929 7 16 27 39
N 1930 8 16 27 39
N 1931 13 16 27 39
N 1932 15 16 27 39
N 1933 15 16 23 39
N 1934 15 16 19 39
N 1935 7 16 32 39
N 1936 10 16 32 39
N 1937 13 16 32 39
N 1938 2 16 28 39
N 1939 8 16 28 39
N 1940 13 16 28 39
N 1941 1 33 46
N 1942 6 33 46
N 1943 2 16 19 46
N 1944 11 33 46
N 1945 7 16 24 46
N 1946 9 33 42
N 1947 2 16 18 42
N 1948 14 33 42
N 1949 10 16 27 42
N 1950 2 16 23 42
N 1951 7 16 23 42
N 1952 7 16 19 42
N 1953 15 16 32 42
N 1954 7 16 28 42
N 1955 10 16 28 42
N 1956 15 16 28 42
N 1957 2 16 24 42
N 1958 15 16 24 42
N 1959 1 16 29 38
N 1960 6 16 29 38
N 1961 0 29 50
N 1962 5 29 50
N 1963 8 29 50
N 1964 11 16 29 38
N 1965 3 16 25 38
N 1966 2 25 50
N 1967 1 16 25 35
N 1968 1 16 25 34
N 1969 4 16 25 34
N 1970 7 25 50
N 1971 10 25 50
N 1972 6 16 25 40
N 1973 13 25 50
N 1974 9 16 25 43
N 1975 1 16 25 39
N 1976 4 16 25 39
N 1977 6 16 25 39
N 1978 9 16 25 39
N 1979 12 16 25 46
N 1980 4 16 25 42
N 1981 9 16 25 42
N 1982 12 16 25 42
N 1983 8 33 42
N 1984 3 16 21 37
N 1985 1 16 21 36
N 1986 3 16 21 36
N 1987 6 16 21 36
N 1988 3 16 21 35
N 1989 6 16 21 35
N 1990 9 16 21 35
N 1991 3 16 21 34
N 1992 6 16 21 34
N 1993 9 16 21 34
N 1994 12 16 21 34
N 1995 15 21 50
N 1996 11 16 21 45
N 1997 3 16 21 41
N 1998 6 16 21 41
N 1999 11 16 21 41
N 2000 14 16 21 48
N 2001 6 16 21 44
N 2002 9 16 21 44
N 2003 11 16 21 44
N 2004 14 16 21 44
N 2005 1 16 21 40
N 2006 3 16 21 40
N 2007 9 16 21 40
N 2008 11 16 21 40
N 2009 14 16 21 40
N 2010 9 16 21 47
N 2011 12 16 21 47
N 2012 14 16 21 47
N 2013 1 16 21 43
N 2014 4 16 21 43
N 2015 6 16 21 43
N 2016 12 16 21 43
N 2017 11 16 21 43
N 2018 14 16 21 43
N 2019 3 16 21 39
N 2020 12 16 21 39
N 2021 11 16 21 39
N 2022 14 16 21 39
N 2023 4 16 21 46
N 2024 9 16 21 46
N 2025 14 16 21 46
N 2026 1 16 21 42
N 2027 6 16 21 42
N 2028 11 16 21 42
N 2029 14 16 21 42
N 2030 3 16 17 37
N 2031 3 16 17 36
N 2032 6 16 17 36
N 2033 3 16 17 35
N 2034 6 16 17 35
N 2035 9 16 17 35
N 2036 3 16 17 34
N 2037 6 16 17 34
N 2038 9 16 17 34
N 2039 12 16 17 34
N 2040 15 17 50
N 2041 11 16 17 45
N 2042 3 16 17 41
N 2043 6 16 17 41
N 2044 11 16 17 41
N 2045 14 16 17 48
N 2046 6 16 17 44
N 2047 9 16 17 44
N 2048 11 16 17 44
N 2049 14 16 17 44
N 2050 3 16 17 40
N 2051 9 16 17 40
N 2052 11 16 17 40
N 2053 14 16 17 40
N 2054 9 16 17 47
N 2055 12 16 17 47
N 2056 14 16 17 47
N 2057 1 16 17 43
N 2058 4 16 17 43
N 2059 6 16 17 43
N 2060 12 16 17 43
N 2061 11 16 17 43
N 2062 14 16 17 43
N 2063 3 16 17 39
N 2064 12 16 17 39
N 2065 11 16 17 39
N 2066 14 16 17 39
N 2067 4 16 17 46
N 2068 9 16 17 46
N 2069 14 16 17 46
N 2070 1 16 17 42
N 2071 6 16 17 42
N 2072 11 16 17 42
N 2073 14 16 17 42
N 2074 3 16 30 38
N 2075 0 30 50
N 2076 5 30 50
N 2077 8 30 50
N 2078 2 26 50
N 2079 1 16 26 35
N 2080 1 16 26 34
N 2081 4 16 26 34
N 2082 7 26 50
N 2083 10 26 50
N 2084 6 16 26 40
N 2085 13 26 50
N 2086 9 16 26 43
N 2087 1 16 26 39
N 2088 4 16 26 39
N 2089 6 16 26 39
N 2090 12 16 26 46
N 2091 4 16 26 42
N 2092 9 16 26 42
N 2093 12 16 26 42
N 2094 3 16 22 37
N 2095 3 16 22 36
N 2096 3 16 22 35
N 2097 3 16 22 34
N 2098 12 16 22 34
N 2099 15 22 50
N 2100 11 16 22 45
N 2101 3 16 22 41
N 2102 11 16 22 41
N 2103 14 16 22 48
N 2104 6 16 22 44
N 2105 9 16 22 44
N 2106 11 16 22 44
N 2107 14 16 22 44
N 2108 3 16 22 40
N 2109 11 16 22 40
N 2110 14 16 22 40
N 2111 9 16 22 47
N 2112 12 16 22 47
N 2113 14 16 22 47
N 2114 1 16 22 43
N 2115 4 16 22 43
N 2116 6 16 22 43
N 2117 12 16 22 43
N 2118 11 16 22 43
N 2119 14 16 22 43
N 2120 3 16 22 39
N 2121 12 16 22 39
N 2122 11 16 22 39
N 2123 14 16 22 39
N 2124 4 16 22 46
N 2125 9 16 22 46
N 2126 14 16 22 46
N 2127 1 16 22 42
N 2128 6 16 22 42
N 2129 11 16 22 42
N 2130 14 16 22 42
N 2131 12 16 18 34
N 2132 15 18 50
N 2133 11 16 18 45
N 2134 11 16 18 41
N 2135 14 16 18 48
N 2136 6 16 18 44
N 2137 9 16 18 44
N 2138 11 16 18 44
N 2139 14 16 18 44
N 2140 11 16 18 40
N 2141 14 16 18 40
N 2142 9 16 18 47
N 2143 12 16 18 47
N 2144 14 16 18 47
N 2145 4 16 18 43
N 2146 6 16 18 43
N 2147 12 16 18 43
N 2148 11 16 18 43
N 2149 14 16 18 43
N 2150 12 16 18 39
N 2151 11 16 18 39
N 2152 14 16 18 39
N 2153 4 16 18 46
N 2154 9 16 18 46
N 2155 14 16 18 46
N 2156 6 16 18 42
N 2157 11 16 18 42
N 2158 14 16 18 42
N 2159 0 31 50
N 2160 5 31 50
N 2161 8 31 50
N 2162 2 27 50
N 2163 1 16 27 35
N 2164 1 16 27 34
N 2165 4 16 27 34
N 2166 7 27 50
N 2167 10 27 50
N 2168 13 27 50
N 2169 9 16 27 43
N 2170 1 16 27 39
N 2171 4 16 27 39
N 2172 12 16 27 46
N 2173 4 16 27 42
N 2174 9 16 27 42
N 2175 12 16 27 42
N 2176 12 16 23 34
N 2177 15 23 50
N 2178 11 16 23 45
N 2179 14 16 23 48
N 2180 9 16 23 44
N 2181 11 16 23 44
N 2182 14 16 23 44
N 2183 9 16 23 47
N 2184 12 16 23 47
N 2185 14 16 23 47
N 2186 1 16 23 43
N 2187 4 16 23 43
N 2188 12 16 23 43
N 2189 11 16 23 43
N 2190 14 16 23 43
N 2191 12 16 23 39
N 2192 4 16 23 46
N 2193 9 16 23 46
N 2194 14 16 23 46
N 2195 1 16 23 42
N 2196 11 16 23 42
N 2197 14 16 23 42
N 2198 12 16 19 34
N 2199 15 19 50
N 2200 11 16 19 45
N 2201 14 16 19 48
N 2202 9 16 19 44
N 2203 11 16 19 44
N 2204 14 16 19 44
N 2205 9 16 19 47
N 2206 12 16 19 47
N 2207 14 16 19 47
N 2208 4 16 19 43
N 2209 12 16 19 43
N 2210 11 16 19 43
N 2211 14 16 19 43
N 2212 12 16 19 39
N 2213 4 16 19 46
N 2214 9 16 19 46
N 2215 14 16 19 46
N 2216 11 16 19 42
N 2217 14 16 19 42
N 2218 0 32 50
N 2219 5 32 50
N 2220 8 32 50
N 2221 2 28 50
N 2222 1 16 28 35
N 2223 1 16 28 34
N 2224 4 16 28 34
N 2225 10 28 50
N 2226 13 28 50
N 2227 9 16 28 43
N 2228 1 16 28 39
N 2229 4 16 28 39
N 2230 12 16 28 46
N 2231 4 16 28 42
N 2232 9 16 28 42
N 2233 12 16 28 42
N 2234 12 16 24 34
N 2235 14 16 24 48
N 2236 9 16 24 44
N 2237 14 16 24 44
N 2238 9 16 24 47
N 2239 12 16 24 47
N 2240 14 16 24 47
N 2241 1 16 24 43
N 2242 4 16 24 43
N 2243 12 16 24 43
N 2244 14 16 24 43
N 2245 12 16 24 39
N 2246 4 16 24 46
N 2247 9 16 24 46
N 2248 14 16 24 46
N 2249 1 16 24 42
N 2250 14 16 24 42
N 2251 12 16 29 37
N 2252 4 16 25 37
N 2253 9 16 25 37
N 2254 12 16 25 37
N 2255 1 16 21 37
N 2256 6 16 21 37
N 2257 9 16 21 37
N 2258 12 16 21 37
N 2259 6 16 17 37
N 2260 9 16 17 37
N 2261 12 16 17 37
N 2262 9 16 30 37
N 2263 12 16 30 37
N 2264 14 16 30 37
N 2265 1 16 26 37
N 2266 4 16 26 37
N 2267 6 16 26 37
N 2268 12 16 26 37
N 2269 11 16 26 37
N 2270 14 16 26 37
N 2271 12 16 22 37
N 2272 11 16 22 37
N 2273 14 16 22 37
N 2274 12 16 18 37
N 2275 11 16 18 37
N 2276 14 16 18 37
N 2277 6 16 31 37
N 2278 9 16 31 37
N 2279 11 16 31 37
N 2280 12 16 31 37
N 2281 1 16 27 37
N 2282 3 16 27 37
N 2283 4 16 27 37
N 2284 12 16 27 37
N 2285 12 16 23 37
N 2286 12 16 19 37
N 2287 3 16 32 37
N 2288 6 16 32 37
N 2289 9 16 32 37
N 2290 12 16 32 37
N 2291 1 16 28 37
N 2292 4 16 28 37
N 2293 12 16 28 37
N 2294 12 16 24 37
N 2295 12 16 29 36
N 2296 4 16 25 36
N 2297 9 16 25 36
N 2298 12 16 25 36
N 2299 9 16 21 36
N 2300 12 16 21 36
N 2301 9 16 17 36
N 2302 12 16 17 36
N 2303 9 16 30 36
N 2304 12 16 30 36
N 2305 14 16 30 36
N 2306 1 16 26 36
N 2307 4 16 26 36
N 2308 6 16 26 36
N 2309 12 16 26 36
N 2310 11 16 26 36
N 2311 14 16 26 36
N 2312 12 16 22 36
N 2313 11 16 22 36
N 2314 14 16 22 36
N 2315 12 16 18 36
N 2316 11 16 18 36
N 2317 14 16 18 36
N 2318 6 16 31 36
N 2319 9 16 31 36
N 2320 11 16 31 36
N 2321 12 16 31 36
N 2322 1 16 27 36
N 2323 3 16 27 36
N 2324 4 16 27 36
N 2325 12 16 27 36
N 2326 12 16 23 36
N 2327 12 16 19 36
N 2328 3 16 32 36
N 2329 6 16 32 36
N 2330 9 16 32 36
N 2331 12 16 32 36
N 2332 1 16 28 36
N 2333 4 16 28 36
N 2334 12 16 28 36
N 2335 12 16 24 36
N 2336 12 16 29 35
N 2337 4 16 25 35
N 2338 9 16 25 35
N 2339 12 16 25 35
N 2340 12 16 21 35
N 2341 12 16 17 35
N 2342 9 16 30 35
N 2343 12 16 30 35
N 2344 14 16 30 35
N 2345 4 16 26 35
N 2346 6 16 26 35
N 2347 12 16 26 35
N 2348 11 16 26 35
N 2349 14 16 26 35
N 2350 12 16 22 35
N 2351 11 16 22 35
N 2352 14 16 22 35
N 2353 12 16 18 35
N 2354 11 16 18 35
N 2355 14 16 18 35
N 2356 6 16 31 35
N 2357 9 16 31 35
N 2358 11 16 31 35
N 2359 12 16 31 35
N 2360 3 16 27 35
N 2361 4 16 27 35
N 2362 12 16 27 35
N 2363 12 16 23 35
N 2364 12 16 19 35
N 2365 3 16 32 35
N 2366 6 16 32 35
N 2367 9 16 32 35
N 2368 12 16 32 35
N 2369 4 16 28 35
N 2370 12 16 28 35
N 2371 12 16 24 35
N 2372 12 16 29 34
N 2373 9 16 25 34
N 2374 12 16 25 34
N 2375 9 16 30 34
N 2376 12 16 30 34
N 2377 14 16 30 34
N 2378 6 16 26 34
N 2379 12 16 26 34
N 2380 11 16 26 34
N 2381 14 16 26 34
N 2382 11 16 22 34
N 2383 14 16 22 34
N 2384 11 16 18 34
N 2385 14 16 18 34
N 2386 6 16 31 34
N 2387 9 16 31 34
N 2388 11 16 31 34
N 2389 12 16 31 34
N 2390 3 16 27 34
N 2391 12 16 27 34
N 2392 3 16 32 34
N 2393 6 16 32 34
N 2394 9 16 32 34
N 2395 12 16 32 34
N 2396 12 16 28 34
N 2397 0 33 49
N 2398 5 33 49
N 2399 1 16 18 49
N 2400 10 33 49
N 2401 6 16 23 49
N 2402 1 16 19 49
N 2403 3 16 19 49
N 2404 6 16 19 49
N 2405 15 33 49
N 2406 11 16 28 49
N 2407 3 16 24 49
N 2408 6 16 24 49
N 2409 11 16 24 49
N 2410 8 33 45
N 2411 4 16 21 45
N 2412 1 16 17 45
N 2413 4 16 17 45
N 2414 13 33 45
N 2415 9 16 26 45
N 2416 1 16 22 45
N 2417 4 16 22 45
N 2418 6 16 22 45
N 2419 9 16 22 45
N 2420 4 16 18 45
N 2421 3 16 18 45
N 2422 6 16 18 45
N 2423 9 16 18 45
N 2424 14 16 31 45
N 2425 6 16 27 45
N 2426 9 16 27 45
N 2427 11 16 27 45
N 2428 14 16 27 45
N 2429 1 16 23 45
N 2430 3 16 23 45
N 2431 4 16 23 45
N 2432 9 16 23 45
N 2433 14 16 23 45
N 2434 4 16 19 45
N 2435 9 16 19 45
N 2436 14 16 19 45
N 2437 11 16 32 45
N 2438 14 16 32 45
N 2439 3 16 28 45
N 2440 6 16 28 45
N 2441 9 16 28 45
N 2442 14 16 28 45
N 2443 15 28 50
N 2444 1 16 24 45
N 2445 4 16 24 45
N 2446 9 16 24 45
N 2447 14 16 24 45
N 2448 12 16 29 41
N 2449 4 16 25 41
N 2450 9 16 25 41
N 2451 12 16 25 41
N 2452 1 16 21 41
N 2453 9 16 21 41
N 2454 12 16 21 41
N 2455 9 16 17 41
N 2456 12 16 17 41
N 2457 9 16 30 41
N 2458 12 16 30 41
N 2459 14 16 30 41
N 2460 1 16 26 41
N 2461 4 16 26 41
N 2462 6 16 26 41
N 2463 12 16 26 41
N 2464 11 16 26 41
N 2465 14 16 26 41
N 2466 12 16 22 41
N 2467 14 16 22 41
N 2468 12 16 18 41
N 2469 14 16 18 41
N 2470 6 16 31 41
N 2471 9 16 31 41
N 2472 11 16 31 41
N 2473 12 16 31 41
N 2474 1 16 27 41
N 2475 3 16 27 41
N 2476 4 16 27 41
N 2477 12 16 27 41
N 2478 12 16 23 41
N 2479 12 16 19 41
N 2480 3 16 32 41
N 2481 6 16 32 41
N 2482 7 32 50
N 2483 9 16 32 41
N 2484 12 16 32 41
N 2485 1 16 28 41
N 2486 4 16 28 41
N 2487 12 16 28 41
N 2488 12 16 24 41
N 2489 14 16 24 49
N 2490 0 33 48
N 2491 5 33 48
N 2492 1 16 18 48
N 2493 10 33 48
N 2494 6 16 23 48
N 2495 1 16 19 48
N 2496 3 16 19 48
N 2497 6 16 19 48
N 2498 15 33 48
N 2499 11 16 28 48
N 2500 3 16 24 48
N 2501 6 16 24 48
N 2502 11 16 24 48
N 2503 8 33 44
N 2504 4 16 21 44
N 2505 1 16 17 44
N 2506 4 16 17 44
N 2507 13 33 44
N 2508 9 16 26 44
N 2509 1 16 22 44
N 2510 4 16 22 44
N 2511 4 16 18 44
N 2512 3 16 18 44
N 2513 14 16 31 44
N 2514 6 16 27 44
N 2515 9 16 27 44
N 2516 11 16 27 44
N 2517 14 16 27 44
N 2518 1 16 23 44
N 2519 3 16 23 44
N 2520 4 16 23 44
N 2521 4 16 19 44
N 2522 11 16 32 44
N 2523 14 16 32 44
N 2524 3 16 28 44
N 2525 6 16 28 44
N 2526 9 16 28 44
N 2527 14 16 28 44
N 2528 1 16 24 44
N 2529 4 16 24 44
N 2530 12 16 29 40
N 2531 4 16 25 40
N 2532 9 16 25 40
N 2533 12 16 25 40
N 2534 12 16 21 40
N 2535 12 16 17 40
N 2536 9 16 30 40
N 2537 12 16 30 40
N 2538 14 16 30 40
N 2539 1 16 26 40
N 2540 4 16 26 40
N 2541 12 16 26 40
N 2542 11 16 26 40
N 2543 14 16 26 40
N 2544 12 16 22 40
N 2545 12 16 18 40
N 2546 6 16 31 40
N 2547 9 16 31 40
N 2548 11 16 31 40
N 2549 12 16 31 40
N 2550 1 16 27 40
N 2551 3 16 27 40
N 2552 4 16 27 40
N 2553 12 16 27 40
N 2554 12 16 23 40
N 2555 12 16 19 40
N 2556 3 16 32 40
N 2557 6 16 32 40
N 2558 9 16 32 40
N 2559 12 16 32 40
N 2560 1 16 28 40
N 2561 4 16 28 40
N 2562 12 16 28 40
N 2563 12 16 24 40
N 2564 0 33 47
N 2565 5 33 47
N 2566 1 16 18 47
N 2567 10 33 47
N 2568 6 16 23 47
N 2569 1 16 19 47
N 2570 3 16 19 47
N 2571 6 16 19 47
N 2572 15 33 47
N 2573 11 16 28 47
N 2574 3 16 24 47
N 2575 6 16 24 47
N 2576 11 16 24 47
N 2577 8 33 43
N 2578 13 33 43
N 2579 3 16 18 43
N 2580 14 16 31 43
N 2581 6 16 27 43
N 2582 11 16 27 43
N 2583 14 16 27 43
N 2584 3 16 23 43
N 2585 11 16 32 43
N 2586 14 16 32 43
N 2587 3 16 28 43
N 2588 6 16 28 43
N 2589 14 16 28 43
N 2590 12 16 29 39
N 2591 12 16 25 39
N 2592 9 16 30 39
N 2593 12 16 30 39
N 2594 14 16 30 39
N 2595 12 16 26 39
N 2596 11 16 26 39
N 2597 14 16 26 39
N 2598 6 16 31 39
N 2599 9 16 31 39
N 2600 11 16 31 39
N 2601 12 16 31 39
N 2602 3 16 27 39
N 2603 12 16 27 39
N 2604 3 16 32 39
N 2605 6 16 32 39
N 2606 9 16 32 39
N 2607 12 16 32 39
N 2608 12 16 28 39
N 2609 0 33 46
N 2610 5 33 46
N 2611 1 16 18 46
N 2612 10 33 46
N 2613 6 16 23 46
N 2614 1 16 19 46
N 2615 3 16 19 46
N 2616 6 16 19 46
N 2617 15 33 46
N 2618 11 16 28 46
N 2619 3 16 24 46
N 2620 6 16 24 46
N 2621 11 16 24 46
N 2622 13 33 42
N 2623 3 16 18 42
N 2624 14 16 31 42
N 2625 6 16 27 42
N 2626 11 16 27 42
N 2627 14 16 27 42
N 2628 3 16 23 42
N 2629 11 16 32 42
N 2630 14 16 32 42
N 2631 3 16 28 42
N 2632 6 16 28 42
N 2633 14 16 28 42
N 2634 2 16 29 38
N 2635 7 16 29 38
N 2636 1 29 50
N 2637 0 16 29 34
N 2638 6 29 50
N 2639 9 29 50
N 2640 5 16 29 39
N 2641 12 29 50
N 2642 8 16 29 42
N 2643 3 25 50
N 2644 2 16 25 36
N 2645 0 16 25 35
N 2646 2 16 25 35
N 2647 5 16 25 35
N 2648 2 16 25 34
N 2649 5 16 25 34
N 2650 11 25 50
N 2651 7 16 25 41
N 2652 14 25 50
N 2653 10 16 25 44
N 2654 2 16 25 40
N 2655 5 16 25 40
N 2656 7 16 25 40
N 2657 10 16 25 40
N 2658 13 16 25 47
N 2659 5 16 25 43
N 2660 8 16 25 43
N 2661 10 16 25 43
N 2662 13 16 25 43
N 2663 0 16 25 39
N 2664 2 16 25 39
N 2665 7 16 25 39
N 2666 10 16 25 39
N 2667 13 16 25 39
N 2668 8 16 25 46
N 2669 13 16 25 46
N 2670 0 16 25 42
N 2671 5 16 25 42
N 2672 10 16 25 42
N 2673 13 16 25 42
N 2674 12 33 42
N 2675 2 16 21 37
N 2676 7 16 21 37
N 2677 7 16 21 36
N 2678 10 16 21 36
N 2679 7 16 21 35
N 2680 10 16 21 35
N 2681 13 16 21 35
N 2682 7 16 21 34
N 2683 10 16 21 34
N 2684 13 16 21 34
N 2685 15 16 21 49
N 2686 7 16 21 45
N 2687 10 16 21 45
N 2688 15 16 21 45
N 2689 2 16 21 41
N 2690 10 16 21 41
N 2691 15 16 21 41
N 2692 10 16 21 48
N 2693 13 16 21 48
N 2694 15 16 21 48
N 2695 2 16 21 44
N 2696 5 16 21 44
N 2697 7 16 21 44
N 2698 8 16 21 44
N 2699 13 16 21 44
N 2700 15 16 21 44
N 2701 13 16 21 40
N 2702 15 16 21 40
N 2703 5 16 21 47
N 2704 8 16 21 47
N 2705 10 16 21 47
N 2706 15 16 21 47
N 2707 0 16 21 43
N 2708 2 16 21 43
N 2709 7 16 21 43
N 2710 15 16 21 43
N 2711 15 16 21 39
N 2712 0 16 21 46
N 2713 5 16 21 46
N 2714 4 33 46
N 2715 10 16 21 46
N 2716 15 16 21 46
N 2717 2 16 21 42
N 2718 7 16 21 42
N 2719 15 16 21 42
N 2720 7 16 17 37
N 2721 7 16 17 36
N 2722 10 16 17 36
N 2723 7 16 17 35
N 2724 10 16 17 35
N 2725 13 16 17 35
N 2726 7 16 17 34
N 2727 10 16 17 34
N 2728 13 16 17 34
N 2729 15 16 17 49
N 2730 7 16 17 45
N 2731 10 16 17 45
N 2732 15 16 17 45
N 2733 10 16 17 41
N 2734 15 16 17 41
N 2735 10 16 17 48
N 2736 13 16 17 48
N 2737 15 16 17 48
N 2738 2 16 17 44
N 2739 5 16 17 44
N 2740 7 16 17 44
N 2741 8 16 17 44
N 2742 13 16 17 44
N 2743 15 16 17 44
N 2744 13 16 17 40
N 2745 15 16 17 40
N 2746 5 16 17 47
N 2747 8 16 17 47
N 2748 10 16 17 47
N 2749 15 16 17 47
N 2750 2 16 17 43
N 2751 7 16 17 43
N 2752 15 16 17 43
N 2753 15 16 17 39
N 2754 0 16 17 46
N 2755 5 16 17 46
N 2756 10 16 17 46
N 2757 15 16 17 46
N 2758 2 16 17 42
N 2759 7 16 17 42
N 2760 15 16 17 42
N 2761 1 30 50
N 2762 0 16 30 34
N 2763 6 30 50
N 2764 9 30 50
N 2765 5 16 30 39
N 2766 12 30 50
N 2767 8 16 30 42
N 2768 3 26 50
N 2769 2 16 26 36
N 2770 0 16 26 35
N 2771 2 16 26 35
N 2772 2 16 26 34
N 2773 11 26 50
N 2774 7 16 26 41
N 2775 14 26 50
N 2776 10 16 26 44
N 2777 2 16 26 40
N 2778 7 16 26 40
N 2779 13 16 26 47
N 2780 5 16 26 43
N 2781 8 16 26 43
N 2782 10 16 26 43
N 2783 13 16 26 43
N 2784 0 16 26 39
N 2785 2 16 26 39
N 2786 7 16 26 39
N 2787 8 16 26 46
N 2788 13 16 26 46
N 2789 0 16 26 42
N 2790 5 16 26 42
N 2791 10 16 26 42
N 2792 13 16 26 42
N 2793 15 16 22 49
N 2794 7 16 22 45
N 2795 10 16 22 45
N 2796 15 16 22 45
N 2797 15 16 22 41
N 2798 10 16 22 48
N 2799 13 16 22 48
N 2800 15 16 22 48
N 2801 2 16 22 44
N 2802 7 16 22 44
N 2803 8 16 22 44
N 2804 13 16 22 44
N 2805 15 16 22 44
N 2806 15 16 22 40
N 2807 5 16 22 47
N 2808 8 16 22 47
N 2809 10 16 22 47
N 2810 15 16 22 47
N 2811 0 16 22 43
N 2812 2 16 22 43
N 2813 7 16 22 43
N 2814 15 16 22 43
N 2815 15 16 22 39
N 2816 0 16 22 46
N 2817 5 16 22 46
N 2818 10 16 22 46
N 2819 15 16 22 46
N 2820 2 16 22 42
N 2821 7 16 22 42
N 2822 15 16 22 42
N 2823 15 16 18 49
N 2824 7 16 18 45
N 2825 10 16 18 45
N 2826 15 16 18 45
N 2827 15 16 18 41
N 2828 10 16 18 48
N 2829 13 16 18 48
N 2830 15 16 18 48
N 2831 7 16 18 44
N 2832 8 16 18 44
N 2833 13 16 18 44
N 2834 15 16 18 44
N 2835 15 16 18 40
N 2836 5 16 18 47
N 2837 8 16 18 47
N 2838 10 16 18 47
N 2839 15 16 18 47
N 2840 7 16 18 43
N 2841 15 16 18 43
N 2842 15 16 18 39
N 2843 0 16 18 46
N 2844 5 16 18 46
N 2845 10 16 18 46
N 2846 15 16 18 46
N 2847 7 16 18 42
N 2848 15 16 18 42
N 2849 1 31 50
N 2850 0 16 31 34
N 2851 6 31 50
N 2852 9 31 50
N 2853 5 16 31 39
N 2854 12 31 50
N 2855 8 16 31 42
N 2856 3 27 50
N 2857 0 16 27 35
N 2858 11 27 50
N 2859 14 27 50
N 2860 13 16 27 47
N 2861 5 16 27 43
N 2862 8 16 27 43
N 2863 13 16 27 43
N 2864 0 16 27 39
N 2865 8 16 27 46
N 2866 13 16 27 46
N 2867 0 16 27 42
N 2868 5 16 27 42
N 2869 13 16 27 42
N 2870 15 16 23 49
N 2871 15 16 23 45
N 2872 10 16 23 48
N 2873 13 16 23 48
N 2874 15 16 23 48
N 2875 8 16 23 44
N 2876 13 16 23 44
N 2877 15 16 23 44
N 2878 5 16 23 47
N 2879 8 16 23 47
N 2880 10 16 23 47
N 2881 15 16 23 47
N 2882 0 16 23 43
N 2883 15 16 23 43
N 2884 0 16 23 46
N 2885 5 16 23 46
N 2886 10 16 23 46
N 2887 15 16 23 46
N 2888 15 16 23 42
N 2889 15 16 19 49
N 2890 15 16 19 45
N 2891 10 16 19 48
N 2892 13 16 19 48
N 2893 15 16 19 48
N 2894 8 16 19 44
N 2895 13 16 19 44
N 2896 15 16 19 44
N 2897 5 16 19 47
N 2898 8 16 19 47
N 2899 10 16 19 47
N 2900 15 16 19 47
N 2901 15 16 19 43
N 2902 0 16 19 46
N 2903 5 16 19 46
N 2904 10 16 19 46
N 2905 15 16 19 46
N 2906 15 16 19 42
N 2907 1 32 50
N 2908 0 16 32 34
N 2909 6 32 50
N 2910 9 32 50
N 2911 5 16 32 39
N 2912 12 32 50
N 2913 8 16 32 42
N 2914 0 16 28 35
N 2915 14 28 50
N 2916 13 16 28 47
N 2917 5 16 28 43
N 2918 8 16 28 43
N 2919 13 16 28 43
N 2920 0 16 28 39
N 2921 8 16 28 46
N 2922 13 16 28 46
N 2923 0 16 28 42
N 2924 5 16 28 42
N 2925 13 16 28 42
N 2926 10 16 24 48
N 2927 13 16 24 48
N 2928 15 16 24 48
N 2929 8 16 24 44
N 2930 13 16 24 44
N 2931 5 16 24 47
N 2932 8 16 24 47
N 2933 10 16 24 47
N 2934 15 16 24 47
N 2935 0 16 24 43
N 2936 0 16 24 46
N 2937 5 16 24 46
N 2938 10 16 24 46
N 2939 15 16 24 46
N 2940 8 16 29 37
N 2941 13 16 29 37
N 2942 0 16 25 37
N 2943 5 16 25 37
N 2944 10 16 25 37
N 2945 13 16 25 37
N 2946 10 16 21 37
N 2947 13 16 21 37
N 2948 10 16 17 37
N 2949 13 16 17 37
N 2950 5 16 30 37
N 2951 8 16 30 37
N 2952 10 16 30 37
N 2953 15 16 30 37
N 2954 0 16 26 37
N 2955 2 16 26 37
N 2956 7 16 26 37
N 2957 15 16 26 37
N 2958 15 16 22 37
N 2959 15 16 18 37
N 2960 2 16 31 37
N 2961 5 16 31 37
N 2962 7 16 31 37
N 2963 8 16 31 37
N 2964 0 16 27 37
N 2965 2 16 32 37
N 2966 3 32 50
N 2967 5 16 32 37
N 2968 8 16 32 37
N 2969 0 16 28 37
N 2970 8 16 29 36
N 2971 13 16 29 36
N 2972 0 16 25 36
N 2973 5 16 25 36
N 2974 10 16 25 36
N 2975 13 16 25 36
N 2976 13 16 21 36
N 2977 13 16 17 36
N 2978 5 16 30 36
N 2979 8 16 30 36
N 2980 10 16 30 36
N 2981 15 16 30 36
N 2982 0 16 26 36
N 2983 7 16 26 36
N 2984 15 16 26 36
N 2985 15 16 22 36
N 2986 15 16 18 36
N 2987 2 16 31 36
N 2988 5 16 31 36
N 2989 7 16 31 36
N 2990 8 16 31 36
N 2991 0 16 27 36
N 2992 2 16 32 36
N 2993 5 16 32 36
N 2994 8 16 32 36
N 2995 0 16 28 36
N 2996 8 16 29 35
N 2997 13 16 29 35
N 2998 10 16 25 35
N 2999 13 16 25 35
N 3000 5 16 30 35
N 3001 8 16 30 35
N 3002 10 16 30 35
N 3003 15 16 30 35
N 3004 7 16 26 35
N 3005 15 16 26 35
N 3006 15 16 22 35
N 3007 15 16 18 35
N 3008 2 16 31 35
N 3009 5 16 31 35
N 3010 7 16 31 35
N 3011 8 16 31 35
N 3012 2 16 32 35
N 3013 5 16 32 35
N 3014 8 16 32 35
N 3015 8 16 29 34
N 3016 13 16 29 34
N 3017 10 16 25 34
N 3018 13 16 25 34
N 3019 5 16 30 34
N 3020 8 16 30 34
N 3021 10 16 30 34
N 3022 15 16 30 34
N 3023 7 16 26 34
N 3024 15 16 26 34
N 3025 15 16 22 34
N 3026 15 16 18 34
N 3027 2 16 31 34
N 3028 5 16 31 34
N 3029 7 16 31 34
N 3030 8 16 31 34
N 3031 2 16 32 34
N 3032 5 16 32 34
N 3033 8 16 32 34
N 3034 4 33 49
N 3035 0 16 17 49
N 3036 9 33 49
N 3037 5 16 22 49
N 3038 0 16 18 49
N 3039 2 16 18 49
N 3040 5 16 18 49
N 3041 14 33 49
N 3042 10 16 27 49
N 3043 2 16 23 49
N 3044 5 16 23 49
N 3045 7 16 23 49
N 3046 10 16 23 49
N 3047 0 16 19 49
N 3048 5 16 19 49
N 3049 7 16 19 49
N 3050 10 16 19 49
N 3051 15 16 32 49
N 3052 7 16 28 49
N 3053 10 16 28 49
N 3054 15 16 28 49
N 3055 2 16 24 49
N 3056 5 16 24 49
N 3057 10 16 24 49
N 3058 12 33 45
N 3059 8 16 25 45
N 3060 0 16 21 45
N 3061 5 16 21 45
N 3062 8 16 21 45
N 3063 2 16 17 45
N 3064 5 16 17 45
N 3065 8 16 17 45
N 3066 13 16 30 45
N 3067 5 16 26 45
N 3068 8 16 26 45
N 3069 10 16 26 45
N 3070 13 16 26 45
N 3071 0 16 22 45
N 3072 2 16 22 45
N 3073 8 16 22 45
N 3074 13 16 22 45
N 3075 8 16 18 45
N 3076 13 16 18 45
N 3077 10 16 31 45
N 3078 13 16 31 45
N 3079 15 16 31 45
N 3080 2 16 27 45
N 3081 5 16 27 45
N 3082 7 16 27 45
N 3083 8 16 27 45
N 3084 13 16 27 45
N 3085 15 16 27 45
N 3086 0 16 23 45
N 3087 8 16 23 45
N 3088 13 16 23 45
N 3089 8 16 19 45
N 3090 13 16 19 45
N 3091 7 16 32 45
N 3092 10 16 32 45
N 3093 11 32 50
N 3094 13 16 32 45
N 3095 2 16 28 45
N 3096 5 16 28 45
N 3097 8 16 28 45
N 3098 13 16 28 45
N 3099 0 16 24 45
N 3100 8 16 24 45
N 3101 13 16 24 45
N 3102 8 16 29 41
N 3103 13 16 29 41
N 3104 0 16 25 41
N 3105 5 16 25 41
N 3106 10 16 25 41
N 3107 13 16 25 41
N 3108 13 16 21 41
N 3109 13 16 17 41
N 3110 5 16 30 41
N 3111 8 16 30 41
N 3112 10 16 30 41
N 3113 15 16 30 41
N 3114 0 16 26 41
N 3115 2 16 26 41
N 3116 15 16 26 41
N 3117 2 16 31 41
N 3118 5 16 31 41
N 3119 7 16 31 41
N 3120 8 16 31 41
N 3121 0 16 27 41
N 3122 2 16 32 41
N 3123 5 16 32 41
N 3124 8 16 32 41
N 3125 0 16 28 41
N 3126 13 16 24 49
N 3127 4 33 48
N 3128 0 16 17 48
N 3129 9 33 48
N 3130 5 16 22 48
N 3131 0 16 18 48
N 3132 2 16 18 48
N 3133 5 16 18 48
N 3134 14 33 48
N 3135 10 16 27 48
N 3136 2 16 23 48
N 3137 5 16 23 48
N 3138 7 16 23 48
N 3139 0 16 19 48
N 3140 5 16 19 48
N 3141 7 16 19 48
N 3142 15 16 32 48
N 3143 7 16 28 48
N 3144 10 16 28 48
N 3145 15 16 28 48
N 3146 2 16 24 48
N 3147 5 16 24 48
N 3148 12 33 44
N 3149 8 16 25 44
N 3150 0 16 21 44
N 3151 13 16 30 44
N 3152 5 16 26 44
N 3153 8 16 26 44
N 3154 13 16 26 44
N 3155 0 16 22 44
N 3156 10 16 31 44
N 3157 13 16 31 44
N 3158 15 16 31 44
N 3159 2 16 27 44
N 3160 5 16 27 44
N 3161 7 16 27 44
N 3162 8 16 27 44
N 3163 13 16 27 44
N 3164 15 16 27 44
N 3165 0 16 23 44
N 3166 7 16 32 44
N 3167 10 16 32 44
N 3168 13 16 32 44
N 3169 2 16 28 44
N 3170 5 16 28 44
N 3171 8 16 28 44
N 3172 13 16 28 44
N 3173 0 16 24 44
N 3174 8 16 29 40
N 3175 13 16 29 40
N 3176 0 16 25 40
N 3177 13 16 25 40
N 3178 5 16 30 40
N 3179 8 16 30 40
N 3180 10 16 30 40
N 3181 15 16 30 40
N 3182 0 16 26 40
N 3183 15 16 26 40
N 3184 2 16 31 40
N 3185 5 16 31 40
N 3186 7 16 31 40
N 3187 8 16 31 40
N 3188 0 16 27 40
N 3189 2 16 32 40
N 3190 5 16 32 40
N 3191 8 16 32 40
N 3192 0 16 28 40
N 3193 4 33 47
N 3194 0 16 17 47
N 3195 9 33 47
N 3196 0 16 18 47
N 3197 2 16 18 47
N 3198 14 33 47
N 3199 10 16 27 47
N 3200 2 16 23 47
N 3201 7 16 23 47
N 3202 0 16 19 47
N 3203 7 16 19 47
N 3204 15 16 32 47
N 3205 7 16 28 47
N 3206 10 16 28 47
N 3207 15 16 28 47
N 3208 2 16 24 47
N 3209 12 33 43
N 3210 13 16 30 43
N 3211 10 16 31 43
N 3212 13 16 31 43
N 3213 15 16 31 43
N 3214 2 16 27 43
N 3215 7 16 27 43
N 3216 15 16 27 43
N 3217 7 16 32 43
N 3218 10 16 32 43
N 3219 13 16 32 43
N 3220 2 16 28 43
N 3221 8 16 29 39
N 3222 13 16 29 39
N 3223 8 16 30 39
N 3224 10 16 30 39
N 3225 15 16 30 39
N 3226 15 16 26 39
N 3227 2 16 31 39
N 3228 7 16 31 39
N 3229 8 16 31 39
N 3230 2 16 32 39
N 3231 8 16 32 39
N 3232 9 33 46
N 3233 2 16 18 46
N 3234 14 33 46
N 3235 10 16 27 46
N 3236 2 16 23 46
N 3237 7 16 23 46
N 3238 7 16 19 46
N 3239 15 16 32 46
N 3240 7 16 28 46
N 3241 10 16 28 46
N 3242 15 16 28 46
N 3243 2 16 24 46
N 3244 13 16 30 42
N 3245 10 16 31 42
N 3246 13 16 31 42
N 3247 15 16 31 42
N 3248 2 16 27 42
N 3249 7 16 27 42
N 3250 15 16 27 42
N 3251 7 16 32 42
N 3252 10 16 32 42
N 3253 13 16 32 42
N 3254 2 16 28 42
N 3255 3 16 29 38
N 3256 2 29 50
N 3257 1 16 29 35
N 3258 1 16 29 34
N 3259 4 16 29 34
N 3260 7 29 50
N 3261 10 29 50
N 3262 6 16 29 40
N 3263 13 29 50
N 3264 9 16 29 43
N 3265 1 16 29 39
N 3266 4 16 29 39
N 3267 6 16 29 39
N 3268 9 16 29 39
N 3269 12 16 29 46
N 3270 4 16 29 42
N 3271 9 16 29 42
N 3272 12 16 29 42
N 3273 3 16 25 37
N 3274 1 16 25 36
N 3275 3 16 25 36
N 3276 6 16 25 36
N 3277 3 16 25 35
N 3278 6 16 25 35
N 3279 3 16 25 34
N 3280 6 16 25 34
N 3281 15 25 50
N 3282 11 16 25 45
N 3283 3 16 25 41
N 3284 6 16 25 41
N 3285 11 16 25 41
N 3286 14 16 25 48
N 3287 6 16 25 44
N 3288 9 16 25 44
N 3289 11 16 25 44
N 3290 14 16 25 44
N 3291 1 16 25 40
N 3292 3 16 25 40
N 3293 11 16 25 40
N 3294 14 16 25 40
N 3295 9 16 25 47
N 3296 12 16 25 47
N 3297 14 16 25 47
N 3298 1 16 25 43
N 3299 4 16 25 43
N 3300 6 16 25 43
N 3301 12 16 25 43
N 3302 11 16 25 43
N 3303 14 16 25 43
N 3304 3 16 25 39
N 3305 11 16 25 39
N 3306 14 16 25 39
N 3307 4 16 25 46
N 3308 9 16 25 46
N 3309 8 33 46
N 3310 14 16 25 46
N 3311 1 16 25 42
N 3312 6 16 25 42
N 3313 11 16 25 42
N 3314 14 16 25 42
N 3315 11 16 21 37
N 3316 11 16 21 36
N 3317 14 16 21 36
N 3318 11 16 21 35
N 3319 14 16 21 35
N 3320 11 16 21 34
N 3321 14 16 21 34
N 3322 11 16 21 49
N 3323 14 16 21 49
N 3324 3 16 21 45
N 3325 6 16 21 45
N 3326 9 16 21 45
N 3327 14 16 21 45
N 3328 14 16 21 41
N 3329 6 16 21 48
N 3330 9 16 21 48
N 3331 11 16 21 48
N 3332 12 16 21 48
N 3333 1 16 21 44
N 3334 3 16 21 44
N 3335 12 16 21 44
N 3336 1 16 21 47
N 3337 4 16 21 47
N 3338 6 16 21 47
N 3339 11 16 21 47
N 3340 3 16 21 43
N 3341 1 16 21 46
N 3342 6 16 21 46
N 3343 11 16 21 46
N 3344 3 16 21 42
N 3345 11 16 17 37
N 3346 11 16 17 36
N 3347 14 16 17 36
N 3348 11 16 17 35
N 3349 14 16 17 35
N 3350 11 16 17 34
N 3351 14 16 17 34
N 3352 11 16 17 49
N 3353 14 16 17 49
N 3354 3 16 17 45
N 3355 6 16 17 45
N 3356 9 16 17 45
N 3357 14 16 17 45
N 3358 14 16 17 41
N 3359 6 16 17 48
N 3360 9 16 17 48
N 3361 11 16 17 48
N 3362 12 16 17 48
N 3363 3 16 17 44
N 3364 12 16 17 44
N 3365 1 16 17 47
N 3366 4 16 17 47
N 3367 6 16 17 47
N 3368 11 16 17 47
N 3369 3 16 17 43
N 3370 1 16 17 46
N 3371 6 16 17 46
N 3372 11 16 17 46
N 3373 3 16 17 42
N 3374 2 30 50
N 3375 1 16 30 35
N 3376 1 16 30 34
N 3377 4 16 30 34
N 3378 7 30 50
N 3379 10 30 50
N 3380 6 16 30 40
N 3381 13 30 50
N 3382 9 16 30 43
N 3383 1 16 30 39
N 3384 4 16 30 39
N 3385 6 16 30 39
N 3386 12 16 30 46
N 3387 4 16 30 42
N 3388 9 16 30 42
N 3389 12 16 30 42
N 3390 3 16 26 37
N 3391 3 16 26 36
N 3392 3 16 26 35
N 3393 3 16 26 34
N 3394 15 26 50
N 3395 11 16 26 45
N 3396 3 16 26 41
N 3397 14 16 26 48
N 3398 6 16 26 44
N 3399 11 16 26 44
N 3400 14 16 26 44
N 3401 3 16 26 40
N 3402 9 16 26 47
N 3403 12 16 26 47
N 3404 14 16 26 47
N 3405 1 16 26 43
N 3406 4 16 26 43
N 3407 6 16 26 43
N 3408 12 16 26 43
N 3409 11 16 26 43
N 3410 14 16 26 43
N 3411 3 16 26 39
N 3412 4 16 26 46
N 3413 9 16 26 46
N 3414 14 16 26 46
N 3415 1 16 26 42
N 3416 6 16 26 42
N 3417 11 16 26 42
N 3418 14 16 26 42
N 3419 11 16 22 49
N 3420 14 16 22 49
N 3421 3 16 22 45
N 3422 14 16 22 45
N 3423 6 16 22 48
N 3424 9 16 22 48
N 3425 11 16 22 48
N 3426 12 16 22 48
N 3427 3 16 22 44
N 3428 12 16 22 44
N 3429 1 16 22 47
N 3430 4 16 22 47
N 3431 6 16 22 47
N 3432 11 16 22 47
N 3433 3 16 22 43
N 3434 1 16 22 46
N 3435 6 16 22 46
N 3436 11 16 22 46
N 3437 3 16 22 42
N 3438 11 16 18 49
N 3439 14 16 18 49
N 3440 14 16 18 45
N 3441 6 16 18 48
N 3442 9 16 18 48
N 3443 11 16 18 48
N 3444 12 16 18 48
N 3445 12 16 18 44
N 3446 4 16 18 47
N 3447 6 16 18 47
N 3448 11 16 18 47
N 3449 6 16 18 46
N 3450 11 16 18 46
N 3451 2 31 50
N 3452 1 16 31 35
N 3453 1 16 31 34
N 3454 4 16 31 34
N 3455 7 31 50
N 3456 10 31 50
N 3457 13 31 50
N 3458 9 16 31 43
N 3459 1 16 31 39
N 3460 4 16 31 39
N 3461 12 16 31 46
N 3462 4 16 31 42
N 3463 9 16 31 42
N 3464 12 16 31 42
N 3465 15 27 50
N 3466 14 16 27 48
N 3467 9 16 27 47
N 3468 12 16 27 47
N 3469 14 16 27 47
N 3470 1 16 27 43
N 3471 4 16 27 43
N 3472 12 16 27 43
N 3473 4 16 27 46
N 3474 9 16 27 46
N 3475 14 16 27 46
N 3476 1 16 27 42
N 3477 11 16 23 49
N 3478 14 16 23 49
N 3479 9 16 23 48
N 3480 11 16 23 48
N 3481 12 16 23 48
N 3482 12 16 23 44
N 3483 1 16 23 47
N 3484 4 16 23 47
N 3485 11 16 23 47
N 3486 1 16 23 46
N 3487 11 16 23 46
N 3488 11 16 19 49
N 3489 14 16 19 49
N 3490 9 16 19 48
N 3491 11 16 19 48
N 3492 12 16 19 48
N 3493 12 16 19 44
N 3494 4 16 19 47
N 3495 11 16 19 47
N 3496 11 16 19 46
N 3497 2 32 50
N 3498 1 16 32 35
N 3499 1 16 32 34
N 3500 4 16 32 34
N 3501 10 32 50
N 3502 13 32 50
N 3503 9 16 32 43
N 3504 1 16 32 39
N 3505 4 16 32 39
N 3506 12 16 32 46
N 3507 4 16 32 42
N 3508 9 16 32 42
N 3509 12 16 32 42
N 3510 14 16 28 48
N 3511 9 16 28 47
N 3512 12 16 28 47
N 3513 14 16 28 47
N 3514 1 16 28 43
N 3515 4 16 28 43
N 3516 12 16 28 43
N 3517 4 16 28 46
N 3518 9 16 28 46
N 3519 14 16 28 46
N 3520 1 16 28 42
N 3521 9 16 24 48
N 3522 12 16 24 48
N 3523 12 16 24 44
N 3524 1 16 24 47
N 3525 4 16 24 47
N 3526 1 16 24 46
N 3527 4 16 29 37
N 3528 9 16 29 37
N 3529 14 16 29 37
N 3530 1 16 25 37
N 3531 6 16 25 37
N 3532 11 16 25 37
N 3533 14 16 25 37
N 3534 14 16 21 37
N 3535 14 16 17 37
N 3536 1 16 30 37
N 3537 4 16 30 37
N 3538 6 16 30 37
N 3539 11 16 30 37
N 3540 1 16 31 37
N 3541 3 16 31 37
N 3542 4 16 31 37
N 3543 1 16 32 37
N 3544 4 16 32 37
N 3545 4 16 29 36
N 3546 9 16 29 36
N 3547 14 16 29 36
N 3548 11 16 25 36
N 3549 14 16 25 36
N 3550 1 16 30 36
N 3551 4 16 30 36
N 3552 6 16 30 36
N 3553 11 16 30 36
N 3554 1 16 31 36
N 3555 3 16 31 36
N 3556 4 16 31 36
N 3557 1 16 32 36
N 3558 4 16 32 36
N 3559 4 16 29 35
N 3560 9 16 29 35
N 3561 14 16 29 35
N 3562 11 16 25 35
N 3563 14 16 25 35
N 3564 4 16 30 35
N 3565 6 16 30 35
N 3566 11 16 30 35
N 3567 3 16 31 35
N 3568 4 16 31 35
N 3569 4 16 32 35
N 3570 9 16 29 34
N 3571 14 16 29 34
N 3572 11 16 25 34
N 3573 14 16 25 34
N 3574 6 16 30 34
N 3575 11 16 30 34
N 3576 3 16 31 34
N 3577 8 33 49
N 3578 4 16 21 49
N 3579 1 16 17 49
N 3580 4 16 17 49
N 3581 13 33 49
N 3582 9 16 26 49
N 3583 1 16 22 49
N 3584 4 16 22 49
N 3585 6 16 22 49
N 3586 9 16 22 49
N 3587 4 16 18 49
N 3588 3 16 18 49
N 3589 6 16 18 49
N 3590 9 16 18 49
N 3591 14 16 31 49
N 3592 6 16 27 49
N 3593 9 16 27 49
N 3594 11 16 27 49
N 3595 14 16 27 49
N 3596 1 16 23 49
N 3597 3 16 23 49
N 3598 4 16 23 49
N 3599 9 16 23 49
N 3600 4 16 19 49
N 3601 9 16 19 49
N 3602 11 16 32 49
N 3603 14 16 32 49
N 3604 15 32 50
N 3605 3 16 28 49
N 3606 6 16 28 49
N 3607 9 16 28 49
N 3608 14 16 28 49
N 3609 1 16 24 49
N 3610 4 16 24 49
N 3611 9 16 24 49
N 3612 12 16 29 45
N 3613 4 16 25 45
N 3614 9 16 25 45
N 3615 12 16 25 45
N 3616 1 16 21 45
N 3617 12 16 21 45
N 3618 12 16 17 45
N 3619 9 16 30 45
N 3620 12 16 30 45
N 3621 14 16 30 45
N 3622 1 16 26 45
N 3623 4 16 26 45
N 3624 6 16 26 45
N 3625 12 16 26 45
N 3626 14 16 26 45
N 3627 12 16 22 45
N 3628 12 16 18 45
N 3629 6 16 31 45
N 3630 9 16 31 45
N 3631 11 16 31 45
N 3632 12 16 31 45
N 3633 1 16 27 45
N 3634 3 16 27 45
N 3635 4 16 27 45
N 3636 12 16 27 45
N 3637 12 16 23 45
N 3638 12 16 19 45
N 3639 3 16 32 45
N 3640 6 16 32 45
N 3641 9 16 32 45
N 3642 12 16 32 45
N 3643 1 16 28 45
N 3644 4 16 28 45
N 3645 12 16 28 45
N 3646 12 16 24 45
N 3647 4 16 29 41
N 3648 9 16 29 41
N 3649 14 16 29 41
N 3650 1 16 25 41
N 3651 14 16 25 41
N 3652 1 16 30 41
N 3653 4 16 30 41
N 3654 6 16 30 41
N 3655 11 16 30 41
N 3656 1 16 31 41
N 3657 3 16 31 41
N 3658 4 16 31 41
N 3659 1 16 32 41
N 3660 4 16 32 41
N 3661 12 16 24 49
N 3662 8 33 48
N 3663 4 16 21 48
N 3664 1 16 17 48
N 3665 4 16 17 48
N 3666 13 33 48
N 3667 9 16 26 48
N 3668 1 16 22 48
N 3669 4 16 22 48
N 3670 4 16 18 48
N 3671 3 16 18 48
G 3672 14 16 31 48
N 3673 6 16 27 48
N 3674 9 16 27 48
N 3675 11 16 27 48
N 3676 1 16 23 48
N 3677 3 16 23 48
N 3678 4 16 23 48
N 3679 4 16 19 48
N 3680 11 16 32 48
N 3681 14 16 32 48
N 3682 3 16 28 48
N 3683 6 16 28 48
N 3684 9 16 28 48
N 3685 1 16 24 48
N 3686 4 16 24 48
N 3687 12 16 29 44
N 3688 4 16 25 44
N 3689 12 16 25 44
N 3690 9 16 30 44
N 3691 12 16 30 44
N 3692 14 16 30 44
N 3693 1 16 26 44
N 3694 4 16 26 44
N 3695 12 16 26 44
N 3696 6 16 31 44
N 3697 9 16 31 44
N 3698 11 16 31 44
N 3699 12 16 31 44
N 3700 1 16 27 44
N 3701 3 16 27 44
N 3702 4 16 27 44
N 3703 12 16 27 44
N 3704 3 16 32 44
N 3705 6 16 32 44
N 3706 9 16 32 44
N 3707 12 16 32 44
N 3708 1 16 28 44
N 3709 4 16 28 44
N 3710 12 16 28 44
N 3711 4 16 29 40
N 3712 9 16 29 40
N 3713 14 16 29 40
N 3714 1 16 30 40
N 3715 4 16 30 40
N 3716 11 16 30 40
N 3717 1 16 31 40
N 3718 3 16 31 40
N 3719 4 16 31 40
N 3720 1 16 32 40
N 3721 4 16 32 40
N 3722 8 33 47
N 3723 13 33 47
N 3724 3 16 18 47
N 3725 14 16 31 47
N 3726 6 16 27 47
N 3727 11 16 27 47
N 3728 3 16 23 47
N 3729 11 16 32 47
N 3730 14 16 32 47
N 3731 3 16 28 47
N 3732 6 16 28 47
N 3733 12 16 29 43
N 3734 12 16 30 43
N 3735 14 16 30 43
N 3736 6 16 31 43
N 3737 11 16 31 43
N 3738 12 16 31 43
N 3739 3 16 27 43
N 3740 3 16 32 43
N 3741 6 16 32 43
N 3742 12 16 32 43
N 3743 14 16 29 39
N 3744 11 16 30 39
N 3745 3 16 31 39
N 3746 13 33 46
N 3747 3 16 18 46
N 3748 14 16 31 46
N 3749 6 16 27 46
N 3750 11 16 27 46
N 3751 3 16 23 46
N 3752 11 16 32 46
N 3753 14 16 32 46
N 3754 3 16 28 46
N 3755 6 16 28 46
N 3756 14 16 30 42
N 3757 6 16 31 42
N 3758 11 16 31 42
N 3759 3 16 27 42
N 3760 3 16 32 42
N 3761 6 16 32 42
N 3762 3 29 50
N 3763 2 16 29 36
N 3764 0 16 29 35
N 3765 2 16 29 35
N 3766 5 16 29 35
N 3767 2 16 29 34
N 3768 5 16 29 34
N 3769 11 29 50
N 3770 7 16 29 41
N 3771 14 29 50
N 3772 10 16 29 44
N 3773 2 16 29 40
N 3774 5 16 29 40
N 3775 7 16 29 40
N 3776 10 16 29 40
N 3777 13 16 29 47
N 3778 5 16 29 43
N 3779 8 16 29 43
N 3780 10 16 29 43
N 3781 13 16 29 43
N 3782 0 16 29 39
N 3783 2 16 29 39
N 3784 7 16 29 39
N 3785 10 16 29 39
N 3786 8 16 29 46
N 3787 13 16 29 46
N 3788 12 33 46
N 3789 0 16 29 42
N 3790 5 16 29 42
N 3791 10 16 29 42
N 3792 13 16 29 42
N 3793 2 16 25 37
N 3794 7 16 25 37
N 3795 7 16 25 36
N 3796 7 16 25 35
N 3797 7 16 25 34
N 3798 15 16 25 49
N 3799 7 16 25 45
N 3800 10 16 25 45
N 3801 15 16 25 45
N 3802 2 16 25 41
N 3803 15 16 25 41
N 3804 10 16 25 48
N 3805 13 16 25 48
N 3806 15 16 25 48
N 3807 2 16 25 44
N 3808 5 16 25 44
N 3809 7 16 25 44
N 3810 13 16 25 44
N 3811 15 16 25 44
N 3812 15 16 25 40
N 3813 5 16 25 47
N 3814 8 16 25 47
N 3815 10 16 25 47
N 3816 15 16 25 47
N 3817 0 16 25 43
N 3818 2 16 25 43
N 3819 7 16 25 43
N 3820 15 16 25 43
N 3821 15 16 25 39
N 3822 0 16 25 46
N 3823 5 16 25 46
N 3824 10 16 25 46
N 3825 15 16 25 46
N 3826 2 16 25 42
N 3827 7 16 25 42
N 3828 15 16 25 42
N 3829 15 16 21 37
N 3830 15 16 21 36
N 3831 15 16 21 35
N 3832 15 16 21 34
N 3833 7 16 21 49
N 3834 10 16 21 49
N 3835 13 16 21 49
N 3836 2 16 21 45
N 3837 13 16 21 45
N 3838 2 16 21 48
N 3839 5 16 21 48
N 3840 7 16 21 48
N 3841 8 16 21 48
N 3842 0 16 21 47
N 3843 2 16 21 47
N 3844 7 16 21 47
N 3845 2 16 21 46
N 3846 7 16 21 46
N 3847 15 16 17 37
N 3848 15 16 17 36
N 3849 15 16 17 35
N 3850 15 16 17 34
N 3851 7 16 17 49
N 3852 10 16 17 49
N 3853 13 16 17 49
N 3854 13 16 17 45
N 3855 2 16 17 48
N 3856 5 16 17 48
N 3857 7 16 17 48
N 3858 8 16 17 48
N 3859 2 16 17 47
N 3860 7 16 17 47
N 3861 2 16 17 46
N 3862 7 16 17 46
N 3863 3 30 50
N 3864 2 16 30 36
N 3865 0 16 30 35
N 3866 2 16 30 35
N 3867 2 16 30 34
N 3868 11 30 50
N 3869 7 16 30 41
N 3870 14 30 50
N 3871 10 16 30 44
N 3872 2 16 30 40
N 3873 7 16 30 40
N 3874 13 16 30 47
N 3875 5 16 30 43
N 3876 8 16 30 43
N 3877 10 16 30 43
N 3878 0 16 30 39
N 3879 2 16 30 39
N 3880 7 16 30 39
N 3881 8 16 30 46
N 3882 13 16 30 46
N 3883 0 16 30 42
N 3884 5 16 30 42
N 3885 10 16 30 42
N 3886 15 16 26 49
N 3887 7 16 26 45
N 3888 15 16 26 45
N 3889 10 16 26 48
N 3890 13 16 26 48
N 3891 15 16 26 48
N 3892 2 16 26 44
N 3893 7 16 26 44
N 3894 15 16 26 44
N 3895 5 16 26 47
N 3896 8 16 26 47
N 3897 10 16 26 47
N 3898 15 16 26 47
N 3899 0 16 26 43
N 3900 2 16 26 43
N 3901 7 16 26 43
N 3902 15 16 26 43
N 3903 0 16 26 46
N 3904 5 16 26 46
N 3905 10 16 26 46
N 3906 15 16 26 46
N 3907 2 16 26 42
N 3908 7 16 26 42
N 3909 15 16 26 42
N 3910 7 16 22 49
N 3911 10 16 22 49
N 3912 13 16 22 49
N 3913 2 16 22 48
N 3914 7 16 22 48
N 3915 8 16 22 48
N 3916 0 16 22 47
N 3917 2 16 22 47
N 3918 7 16 22 47
N 3919 2 16 22 46
N 3920 7 16 22 46
N 3921 7 16 18 49
N 3922 10 16 18 49
N 3923 13 16 18 49
N 3924 7 16 18 48
N 3925 8 16 18 48
N 3926 7 16 18 47
N 3927 7 16 18 46
N 3928 3 31 50
N 3929 0 16 31 35
N 3930 11 31 50
N 3931 14 31 50
N 3932 13 16 31 47
N 3933 5 16 31 43
N 3934 8 16 31 43
N 3935 0 16 31 39
N 3936 8 16 31 46
N 3937 13 16 31 46
N 3938 0 16 31 42
N 3939 5 16 31 42
N 3940 15 16 27 49
N 3941 13 16 27 48
N 3942 15 16 27 48
N 3943 5 16 27 47
N 3944 8 16 27 47
N 3945 15 16 27 47
N 3946 0 16 27 43
N 3947 0 16 27 46
N 3948 5 16 27 46
N 3949 15 16 27 46
N 3950 13 16 23 49
N 3951 8 16 23 48
N 3952 0 16 23 47
N 3953 13 16 19 49
N 3954 8 16 19 48
N 3955 0 16 32 35
N 3956 14 32 50
N 3957 13 16 32 47
N 3958 5 16 32 43
N 3959 8 16 32 43
N 3960 0 16 32 39
N 3961 8 16 32 46
N 3962 13 16 32 46
N 3963 0 16 32 42
N 3964 5 16 32 42
N 3965 13 16 28 48
N 3966 5 16 28 47
N 3967 8 16 28 47
N 3968 0 16 28 43
N 3969 0 16 28 46
N 3970 5 16 28 46
N 3971 8 16 24 48
N 3972 0 16 24 47
N 3973 0 16 29 37
N 3974 5 16 29 37
N 3975 10 16 29 37
N 3976 15 16 29 37
N 3977 15 16 25 37
N 3978 0 16 30 37
N 3979 2 16 30 37
N 3980 7 16 30 37
N 3981 0 16 31 37
N 3982 0 16 32 37
N 3983 0 16 29 36
N 3984 5 16 29 36
N 3985 10 16 29 36
N 3986 15 16 29 36
N 3987 15 16 25 36
N 3988 0 16 30 36
N 3989 7 16 30 36
N 3990 0 16 31 36
N 3991 0 16 32 36
N 3992 10 16 29 35
N 3993 15 16 29 35
N 3994 15 16 25 35
N 3995 7 16 30 35
N 3996 10 16 29 34
N 3997 15 16 29 34
N 3998 15 16 25 34
N 3999 7 16 30 34
N 4000 12 33 49
N 4001 8 16 25 49
N 4002 0 16 21 49
N 4003 5 16 21 49
N 4004 8 16 21 49
N 4005 2 16 17 49
N 4006 5 16 17 49
N 4007 8 16 17 49
N 4008 13 16 30 49
N 4009 5 16 26 49
N 4010 8 16 26 49
N 4011 10 16 26 49
N 4012 13 16 26 49
N 4013 0 16 22 49
N 4014 2 16 22 49
N 4015 8 16 22 49
N 4016 8 16 18 49
N 4017 10 16 31 49
N 4018 13 16 31 49
N 4019 15 16 31 49
N 4020 2 16 27 49
N 4021 5 16 27 49
N 4022 7 16 27 49
N 4023 8 16 27 49
N 4024 13 16 27 49
N 4025 0 16 23 49
N 4026 8 16 23 49
N 4027 8 16 19 49
N 4028 7 16 32 49
N 4029 10 16 32 49
N 4030 13 16 32 49
N 4031 2 16 28 49
N 4032 5 16 28 49
N 4033 8 16 28 49
N 4034 13 16 28 49
N 4035 0 16 24 49
N 4036 8 16 24 49
N 4037 8 16 29 45
N 4038 13 16 29 45
N 4039 0 16 25 45
N 4040 5 16 25 45
N 4041 13 16 25 45
N 4042 5 16 30 45
N 4043 8 16 30 45
N 4044 10 16 30 45
N 4045 15 16 30 45
N 4046 0 16 26 45
N 4047 2 16 26 45
N 4048 2 16 31 45
N 4049 5 16 31 45
N 4050 7 16 31 45
N 4051 8 16 31 45
N 4052 0 16 27 45
N 4053 2 16 32 45
N 4054 5 16 32 45
N 4055 8 16 32 45
N 4056 0 16 28 45
N 4057 0 16 29 41
N 4058 5 16 29 41
N 4059 10 16 29 41
N 4060 15 16 29 41
N 4061 0 16 30 41
N 4062 2 16 30 41
N 4063 0 16 31 41
N 4064 0 16 32 41
N 4065 12 33 48
N 4066 8 16 25 48
N 4067 0 16 21 48
N 4068 13 16 30 48
N 4069 5 16 26 48
N 4070 8 16 26 48
N 4071 0 16 22 48
G 4072 10 16 31 48
G 4073 13 16 31 48
G 4074 15 16 31 48
N 4075 2 16 27 48
N 4076 5 16 27 48
N 4077 7 16 27 48
N 4078 8 16 27 48
N 4079 0 16 23 48
N 4080 7 16 32 48
N 4081 10 16 32 48
N 4082 13 16 32 48
N 4083 2 16 28 48
N 4084 5 16 28 48
N 4085 8 16 28 48
N 4086 0 16 24 48
N 4087 8 16 29 44
N 4088 13 16 29 44
N 4089 0 16 25 44
N 4090 5 16 30 44
N 4091 8 16 30 44
N 4092 15 16 30 44
N 4093 0 16 26 44
N 4094 2 16 31 44
N 4095 5 16 31 44
N 4096 7 16 31 44
N 4097 8 16 31 44
N 4098 0 16 27 44
N 4099 2 16 32 44
N 4100 5 16 32 44
N 4101 8 16 32 44
N 4102 0 16 28 44
N 4103 0 16 29 40
N 4104 15 16 29 40
N 4105 0 16 30 40
N 4106 0 16 31 40
N 4107 0 16 32 40
N 4108 12 33 47
N 4109 10 16 31 47
N 4110 15 16 31 47
N 4111 2 16 27 47
N 4112 7 16 27 47
N 4113 7 16 32 47
N 4114 10 16 32 47
N 4115 2 16 28 47
N 4116 15 16 30 43
N 4117 2 16 31 43
N 4118 7 16 31 43
N 4119 2 16 32 43
N 4120 15 16 29 39
N 4121 10 16 31 46
N 4122 15 16 31 46
N 4123 2 16 27 46
N 4124 7 16 27 46
N 4125 7 16 32 46
N 4126 10 16 32 46
N 4127 2 16 28 46
N 4128 15 16 30 42
N 4129 2 16 31 42
N 4130 7 16 31 42
N 4131 2 16 32 42
N 4132 3 16 29 37
N 4133 1 16 29 36
N 4134 3 16 29 36
N 4135 6 16 29 36
N 4136 3 16 29 35
N 4137 6 16 29 35
N 4138 3 16 29 34
N 4139 6 16 29 34
N 4140 15 29 50
N 4141 11 16 29 45
N 4142 3 16 29 41
N 4143 6 16 29 41
N 4144 11 16 29 41
N 4145 14 16 29 48
N 4146 6 16 29 44
N 4147 9 16 29 44
N 4148 11 16 29 44
N 4149 14 16 29 44
N 4150 1 16 29 40
N 4151 3 16 29 40
N 4152 11 16 29 40
N 4153 9 16 29 47
N 4154 12 16 29 47
N 4155 14 16 29 47
N 4156 1 16 29 43
N 4157 4 16 29 43
N 4158 6 16 29 43
N 4159 11 16 29 43
N 4160 14 16 29 43
N 4161 3 16 29 39
N 4162 11 16 29 39
N 4163 4 16 29 46
N 4164 9 16 29 46
N 4165 14 16 29 46
N 4166 1 16 29 42
N 4167 6 16 29 42
N 4168 11 16 29 42
N 4169 14 16 29 42
N 4170 11 16 25 49
N 4171 14 16 25 49
N 4172 3 16 25 45
N 4173 6 16 25 45
N 4174 14 16 25 45
N 4175 6 16 25 48
N 4176 9 16 25 48
N 4177 11 16 25 48
N 4178 12 16 25 48
N 4179 1 16 25 44
N 4180 3 16 25 44
N 4181 1 16 25 47
N 4182 4 16 25 47
N 4183 6 16 25 47
N 4184 11 16 25 47
N 4185 3 16 25 43
N 4186 1 16 25 46
N 4187 6 16 25 46
N 4188 11 16 25 46
N 4189 3 16 25 42
N 4190 3 16 21 49
N 4191 6 16 21 49
N 4192 9 16 21 49
N 4193 12 16 21 49
N 4194 1 16 21 48
N 4195 3 16 21 48
N 4196 3 16 21 47
N 4197 3 16 21 46
N 4198 3 16 17 49
N 4199 6 16 17 49
N 4200 9 16 17 49
N 4201 12 16 17 49
N 4202 3 16 17 48
N 4203 3 16 17 47
N 4204 3 16 17 46
N 4205 3 16 30 37
N 4206 3 16 30 36
N 4207 3 16 30 35
N 4208 3 16 30 34
N 4209 15 30 50
N 4210 11 16 30 45
N 4211 3 16 30 41
N 4212 14 16 30 48
N 4213 6 16 30 44
N 4214 11 16 30 44
N 4215 3 16 30 40
N 4216 9 16 30 47
N 4217 12 16 30 47
N 4218 14 16 30 47
N 4219 1 16 30 43
N 4220 4 16 30 43
N 4221 6 16 30 43
N 4222 11 16 30 43
N 4223 3 16 30 39
N 4224 4 16 30 46
N 4225 9 16 30 46
N 4226 14 16 30 46
N 4227 1 16 30 42
N 4228 6 16 30 42
N 4229 11 16 30 42
N 4230 11 16 26 49
N 4231 14 16 26 49
N 4232 3 16 26 45
N 4233 6 16 26 48
N 4234 11 16 26 48
N 4235 12 16 26 48
N 4236 3 16 26 44
N 4237 1 16 26 47
N 4238 4 16 26 47
N 4239 6 16 26 47
N 4240 11 16 26 47
N 4241 3 16 26 43
N 4242 1 16 26 46
N 4243 6 16 26 46
N 4244 11 16 26 46
N 4245 3 16 26 42
N 4246 3 16 22 49
N 4247 12 16 22 49
N 4248 3 16 22 48
N 4249 3 16 22 47
N 4250 3 16 22 46
N 4251 12 16 18 49
N 4252 15 31 50
N 4253 9 16 31 47
N 4254 12 16 31 47
N 4255 1 16 31 43
N 4256 4 16 31 43
N 4257 4 16 31 46
N 4258 9 16 31 46
N 4259 1 16 31 42
N 4260 12 16 27 48
N 4261 1 16 27 47
N 4262 4 16 27 47
N 4263 1 16 27 46
N 4264 12 16 23 49
N 4265 12 16 19 49
N 4266 9 16 32 47
N 4267 12 16 32 47
N 4268 1 16 32 43
N 4269 4 16 32 43
N 4270 4 16 32 46
N 4271 9 16 32 46
N 4272 1 16 32 42
N 4273 12 16 28 48
N 4274 1 16 28 47
N 4275 4 16 28 47
N 4276 1 16 28 46
N 4277 1 16 29 37
N 4278 6 16 29 37
N 4279 11 16 29 37
N 4280 11 16 29 36
N 4281 11 16 29 35
N 4282 11 16 29 34
N 4283 12 16 29 49
N 4284 4 16 25 49
N 4285 9 16 25 49
N 4286 12 16 25 49
N 4287 1 16 21 49
N 4288 9 16 30 49
N 4289 12 16 30 49
N 4290 14 16 30 49
N 4291 1 16 26 49
N 4292 4 16 26 49
N 4293 6 16 26 49
N 4294 12 16 26 49
N 4295 6 16 31 49
N 4296 9 16 31 49
N 4297 11 16 31 49
N 4298 12 16 31 49
N 4299 1 16 27 49
N 4300 3 16 27 49
N 4301 4 16 27 49
N 4302 12 16 27 49
N 4303 3 16 32 49
N 4304 6 16 32 49
N 4305 9 16 32 49
N 4306 12 16 32 49
N 4307 1 16 28 49
N 4308 4 16 28 49
N 4309 12 16 28 49
N 4310 4 16 29 45
N 4311 9 16 29 45
N 4312 14 16 29 45
N 4313 1 16 25 45
N 4314 1 16 30 45
N 4315 4 16 30 45
N 4316 6 16 30 45
N 4317 1 16 31 45
N 4318 3 16 31 45
N 4319 4 16 31 45
N 4320 1 16 32 45
N 4321 4 16 32 45
N 4322 1 16 29 41
N 4323 12 16 29 48
N 4324 4 16 25 48
N 4325 9 16 30 48
N 4326 12 16 30 48
N 4327 1 16 26 48
N 4328 4 16 26 48
G 4329 6 16 31 48
G 4330 9 16 31 48
G 4331 11 16 31 48
G 4332 12 16 31 48
N 4333 1 16 27 48
N 4334 3 16 27 48
N 4335 4 16 27 48
N 4336 3 16 32 48
N 4337 6 16 32 48
N 4338 9 16 32 48
N 4339 12 16 32 48
N 4340 1 16 28 48
N 4341 4 16 28 48
N 4342 4 16 29 44
N 4343 1 16 30 44
N 4344 4 16 30 44
N 4345 1 16 31 44
N 4346 3 16 31 44
N 4347 4 16 31 44
N 4348 1 16 32 44
N 4349 4 16 32 44
N 4350 6 16 31 47
N 4351 11 16 31 47
N 4352 3 16 27 47
N 4353 3 16 32 47
N 4354 6 16 32 47
N 4355 3 16 31 43
N 4356 6 16 31 46
N 4357 11 16 31 46
N 4358 3 16 27 46
N 4359 3 16 32 46
N 4360 6 16 32 46
N 4361 3 16 31 42
N 4362 2 16 29 37
N 4363 7 16 29 37
N 4364 7 16 29 36
N 4365 7 16 29 35
N 4366 7 16 29 34
N 4367 15 16 29 49
N 4368 7 16 29 45
N 4369 10 16 29 45
N 4370 15 16 29 45
N 4371 2 16 29 41
N 4372 10 16 29 48
N 4373 13 16 29 48
N 4374 15 16 29 48
N 4375 2 16 29 44
N 4376 5 16 29 44
N 4377 7 16 29 44
N 4378 15 16 29 44
N 4379 5 16 29 47
N 4380 8 16 29 47
N 4381 10 16 29 47
N 4382 15 16 29 47
N 4383 0 16 29 43
N 4384 2 16 29 43
N 4385 7 16 29 43
N 4386 15 16 29 43
N 4387 0 16 29 46
N 4388 5 16 29 46
N 4389 10 16 29 46
N 4390 15 16 29 46
N 4391 2 16 29 42
N 4392 7 16 29 42
N 4393 15 16 29 42
N 4394 7 16 25 49
N 4395 10 16 25 49
N 4396 13 16 25 49
N 4397 2 16 25 45
N 4398 2 16 25 48
N 4399 5 16 25 48
N 4400 7 16 25 48
N 4401 0 16 25 47
N 4402 2 16 25 47
N 4403 7 16 25 47
N 4404 2 16 25 46
N 4405 7 16 25 46
N 4406 2 16 21 49
N 4407 15 16 30 49
N 4408 7 16 30 45
N 4409 10 16 30 48
N 4410 15 16 30 48
N 4411 2 16 30 44
N 4412 7 16 30 44
N 4413 5 16 30 47
N 4414 8 16 30 47
N 4415 10 16 30 47
N 4416 15 16 30 47
N 4417 0 16 30 43
N 4418 2 16 30 43
N 4419 7 16 30 43
N 4420 0 16 30 46
N 4421 5 16 30 46
N 4422 10 16 30 46
N 4423 15 16 30 46
N 4424 2 16 30 42
N 4425 7 16 30 42
N 4426 7 16 26 49
N 4427 2 16 26 48
N 4428 7 16 26 48
N 4429 0 16 26 47
N 4430 2 16 26 47
N 4431 7 16 26 47
N 4432 2 16 26 46
N 4433 7 16 26 46
N 4434 5 16 31 47
N 4435 8 16 31 47
N 4436 0 16 31 43
N 4437 0 16 31 46
N 4438 5 16 31 46
N 4439 0 16 27 47
N 4440 5 16 32 47
N 4441 8 16 32 47
N 4442 0 16 32 43
N 4443 0 16 32 46
N 4444 5 16 32 46
N 4445 0 16 28 47
N 4446 8 16 29 49
N 4447 13 16 29 49
N 4448 0 16 25 49
N 4449 5 16 25 49
N 4450 5 16 30 49
N 4451 8 16 30 49
N 4452 10 16 30 49
N 4453 0 16 26 49
N 4454 2 16 26 49
N 4455 2 16 31 49
N 4456 5 16 31 49
N 4457 7 16 31 49
N 4458 8 16 31 49
N 4459 0 16 27 49
N 4460 2 16 32 49
N 4461 5 16 32 49
N 4462 8 16 32 49
N 4463 0 16 28 49
N 4464 0 16 29 45
N 4465 5 16 29 45
N 4466 0 16 30 45
N 4467 2 16 30 45
N 4468 0 16 31 45
N 4469 0 16 32 45
N 4470 8 16 29 48
N 4471 0 16 25 48
N 4472 5 16 30 48
N 4473 8 16 30 48
N 4474 0 16 26 48
G 4475 2 16 31 48
G 4476 5 16 31 48
G 4477 7 16 31 48
G 4478 8 16 31 48
N 4479 0 16 27 48
N 4480 2 16 32 48
N 4481 5 16 32 48
N 4482 8 16 32 48
N 4483 0 16 28 48
N 4484 0 16 29 44
N 4485 0 16 30 44
N 4486 0 16 31 44
N 4487 0 16 32 44
N 4488 2 16 31 47
N 4489 7 16 31 47
N 4490 2 16 32 47
N 4491 2 16 31 46
N 4492 7 16 31 46
N 4493 2 16 32 46
N 4494 11 16 29 49
N 4495 14 16 29 49
N 4496 3 16 29 45
N 4497 6 16 29 45
N 4498 6 16 29 48
N 4499 9 16 29 48
N 4500 11 16 29 48
N 4501 1 16 29 44
N 4502 3 16 29 44
N 4503 1 16 29 47
N 4504 4 16 29 47
N 4505 6 16 29 47
N 4506 11 16 29 47
N 4507 3 16 29 43
N 4508 1 16 29 46
N 4509 6 16 29 46
N 4510 11 16 29 46
N 4511 3 16 29 42
N 4512 3 16 25 49
N 4513 6 16 25 49
N 4514 1 16 25 48
N 4515 3 16 25 48
N 4516 3 16 25 47
N 4517 3 16 25 46
N 4518 11 16 30 49
N 4519 3 16 30 45
N 4520 6 16 30 48
N 4521 11 16 30 48
N 4522 3 16 30 44
N 4523 1 16 30 47
N 4524 4 16 30 47
N 4525 6 16 30 47
N 4526 11 16 30 47
N 4527 3 16 30 43
N 4528 1 16 30 46
N 4529 6 16 30 46
N 4530 11 16 30 46
N 4531 3 16 30 42
N 4532 3 16 26 49
N 4533 3 16 26 48
N 4534 3 16 26 47
N 4535 3 16 26 46
N 4536 1 16 31 47
N 4537 4 16 31 47
N 4538 1 16 31 46
N 4539 1 16 32 47
N 4540 4 16 32 47
N 4541 1 16 32 46
N 4542 4 16 29 49
N 4543 9 16 29 49
N 4544 1 16 25 49
N 4545 1 16 30 49
N 4546 4 16 30 49
N 4547 6 16 30 49
N 4548 1 16 31 49
N 4549 3 16 31 49
N 4550 4 16 31 49
N 4551 1 16 32 49
N 4552 4 16 32 49
N 4553 1 16 29 45
N 4554 4 16 29 48
N 4555 1 16 30 48
N 4556 4 16 30 48
G 4557 1 16 31 48
G 4558 3 16 31 48
G 4559 4 16 31 48
N 4560 1 16 32 48
N 4561 4 16 32 48
N 4562 3 16 31 47
N 4563 3 16 31 46
N 4564 7 16 29 49
N 4565 10 16 29 49
N 4566 2 16 29 45
N 4567 2 16 29 48
N 4568 5 16 29 48
N 4569 7 16 29 48
N 4570 0 16 29 47
N 4571 2 16 29 47
N 4572 7 16 29 47
N 4573 2 16 29 46
N 4574 7 16 29 46
N 4575 2 16 25 49
N 4576 7 16 30 49
N 4577 2 16 30 48
N 4578 7 16 30 48
N 4579 0 16 30 47
N 4580 2 16 30 47
N 4581 7 16 30 47
N 4582 2 16 30 46
N 4583 7 16 30 46
N 4584 0 16 31 47
N 4585 0 16 32 47
N 4586 0 16 29 49
N 4587 5 16 29 49
N 4588 0 16 30 49
N 4589 2 16 30 49
N 4590 0 16 31 49
N 4591 0 16 32 49
N 4592 0 16 29 48
N 4593 0 16 30 48
G 4594 0 16 31 48
N 4595 0 16 32 48
N 4596 3 16 29 49
N 4597 6 16 29 49
N 4598 1 16 29 48
N 4599 3 16 29 48
N 4600 3 16 29 47
N 4601 3 16 29 46
N 4602 3 16 30 49
N 4603 3 16 30 48
N 4604 3 16 30 47
N 4605 3 16 30 46
N 4606 1 16 29 49
N 4607 2 16 29 49
