0 1
0 2
0 3
0 4
1 0
1 2
1 3
2 0
2 1
2 3
3 0
3 1
3 2
3 5
3 6
3 7
4 8
4 9
4 10
5 11
5 12
5 13
5 14
5 15
6 16
6 17
6 18
6 14
6 19
7 20
7 21
7 22
7 15
7 19
8 4
8 9
8 10
9 4
9 8
9 10
10 4
10 8
10 9
10 23
10 24
10 25
10 26
11 12
11 13
11 5
11 27
11 28
12 11
12 13
12 5
13 11
13 12
13 5
14 29
14 30
14 31
14 32
15 33
15 34
15 35
15 32
16 17
16 18
16 6
16 36
17 16
17 18
17 6
18 16
18 17
18 6
18 37
19 38
19 39
19 40
19 32
20 21
20 22
20 7
20 41
21 20
21 22
21 7
21 42
22 20
22 21
22 7
23 28
23 43
23 44
23 45
23 46
23 47
24 36
24 48
24 49
24 45
24 50
24 51
25 52
25 53
25 54
25 46
25 50
25 55
26 41
26 56
26 57
26 47
26 51
26 55
27 58
27 59
27 60
27 61
28 43
28 44
28 23
28 61
29 30
29 31
29 14
29 62
29 63
30 29
30 31
30 14
31 29
31 30
31 14
31 64
32 65
32 66
32 67
33 34
33 35
33 15
33 68
33 69
34 33
34 35
34 15
34 70
35 33
35 34
35 15
36 48
36 49
36 24
37 71
37 72
37 73
38 39
38 40
38 19
38 74
39 38
39 40
39 19
39 75
40 38
40 39
40 19
40 76
41 56
41 57
41 26
42 77
42 78
42 79
43 28
43 44
43 23
44 28
44 43
44 23
45 63
45 80
45 81
45 82
45 83
46 84
46 85
46 86
46 82
46 87
47 69
47 88
47 89
47 83
47 87
48 36
48 49
48 24
49 36
49 48
49 24
49 90
50 91
50 92
50 93
50 82
50 94
51 74
51 95
51 96
51 83
51 94
52 53
52 54
52 25
53 52
53 54
53 25
54 52
54 53
54 25
55 97
55 98
55 99
55 87
55 94
56 41
56 57
56 26
56 100
57 41
57 56
57 26
58 27
58 59
58 60
59 27
59 58
59 60
60 27
60 58
60 59
60 101
60 102
61 103
61 104
61 105
62 106
62 107
62 101
62 108
63 80
63 81
63 45
63 108
64 109
64 110
64 111
65 66
65 67
65 32
65 112
65 113
66 65
66 67
66 32
66 114
67 65
67 66
67 32
67 115
68 116
68 117
68 102
68 118
69 88
69 89
69 47
69 118
70 119
70 120
70 121
71 72
71 37
71 73
71 122
72 71
72 37
72 73
73 71
73 72
73 37
73 111
73 123
74 95
74 96
74 51
75 124
75 125
75 126
76 127
76 128
76 123
77 42
77 78
77 79
77 129
78 77
78 42
78 79
79 77
79 42
79 78
79 121
79 126
80 63
80 81
80 45
81 63
81 80
81 45
81 130
82 131
82 132
82 133
82 134
83 113
83 135
83 136
83 134
84 85
84 86
84 46
84 137
85 84
85 86
85 46
86 84
86 85
86 46
87 138
87 139
87 140
87 134
88 69
88 89
88 47
88 141
89 69
89 88
89 47
90 122
90 142
90 143
91 92
91 93
91 50
92 91
92 93
92 50
93 91
93 92
93 50
93 144
94 145
94 146
94 147
94 134
95 74
95 96
95 51
95 148
96 74
96 95
96 51
96 149
97 98
97 99
97 55
98 97
98 99
98 55
98 150
99 97
99 98
99 55
100 129
100 151
100 152
101 62
101 106
101 107
101 153
102 68
102 116
102 117
102 153
103 61
103 104
103 105
104 61
104 103
104 105
105 61
105 103
105 104
105 154
105 155
105 156
106 62
106 107
106 101
107 62
107 106
107 101
107 157
108 158
108 159
108 154
109 110
109 64
109 111
109 160
109 161
110 109
110 64
110 111
111 109
111 110
111 64
111 162
112 163
112 164
112 153
112 165
113 135
113 136
113 83
113 165
114 166
114 167
114 168
115 169
115 170
115 162
116 68
116 117
116 102
116 171
117 68
117 116
117 102
118 172
118 173
118 156
119 70
119 120
119 121
119 174
119 175
120 119
120 70
120 121
121 119
121 70
121 120
121 168
122 142
122 90
122 143
123 127
123 128
123 76
123 162
124 75
124 125
124 126
124 176
125 124
125 75
125 126
125 177
126 124
126 75
126 125
126 168
127 128
127 76
127 123
127 178
128 127
128 76
128 123
128 179
129 100
129 151
129 152
130 161
130 180
130 181
131 132
131 133
131 82
131 182
132 131
132 133
132 82
133 131
133 132
133 82
133 183
134 184
134 185
134 186
135 113
135 136
135 83
135 187
136 113
136 135
136 83
136 188
137 189
137 190
137 155
138 139
138 140
138 87
138 191
139 138
139 140
139 87
139 192
140 138
140 139
140 87
141 175
141 193
141 194
142 122
142 90
142 143
143 122
143 142
143 90
143 181
143 195
143 196
144 197
144 198
144 195
145 146
145 147
145 94
146 145
146 147
146 94
146 199
147 145
147 146
147 94
147 200
148 176
148 201
148 202
149 178
149 203
149 196
150 204
150 205
150 206
151 129
151 100
151 152
152 129
152 100
152 151
152 194
152 202
152 206
153 112
153 163
153 164
154 108
154 158
154 159
154 207
154 208
155 137
155 189
155 190
155 207
155 209
156 118
156 172
156 173
156 208
156 209
157 160
157 210
157 211
158 108
158 159
158 154
159 108
159 158
159 154
159 212
160 210
160 157
160 211
160 213
161 180
161 130
161 181
161 213
162 169
162 170
162 115
163 112
163 164
163 153
163 214
164 112
164 163
164 153
164 215
165 216
165 217
165 208
166 114
166 167
166 168
166 218
166 219
167 166
167 114
167 168
167 220
168 166
168 114
168 167
169 170
169 115
169 162
169 221
169 222
170 169
170 115
170 162
170 223
171 174
171 224
171 225
172 118
172 173
172 156
172 226
173 118
173 172
173 156
174 171
174 224
174 225
174 227
175 141
175 193
175 194
175 227
176 148
176 201
176 202
177 228
177 179
177 229
178 203
178 149
178 196
179 228
179 177
179 229
180 161
180 130
180 181
181 161
181 180
181 130
181 230
181 231
182 232
182 233
182 207
183 234
183 235
183 230
184 185
184 186
184 134
184 236
185 184
185 186
185 134
185 237
186 184
186 185
186 134
186 238
187 219
187 239
187 240
188 222
188 241
188 231
189 137
189 190
189 155
190 137
190 189
190 155
191 242
191 243
191 209
192 244
192 245
192 246
193 175
193 141
193 194
194 175
194 141
194 193
194 240
194 246
195 197
195 198
195 144
195 230
195 247
196 178
196 203
196 149
196 231
196 247
197 198
197 144
197 195
198 197
198 144
198 195
199 248
199 249
199 250
200 251
200 252
200 247
201 176
201 148
201 202
201 253
202 176
202 148
202 201
202 240
202 250
203 178
203 149
203 196
203 254
204 150
204 205
204 206
205 204
205 150
205 206
206 204
206 150
206 205
206 246
206 250
207 182
207 232
207 233
207 255
208 165
208 216
208 217
208 255
209 191
209 242
209 243
209 255
210 160
210 157
210 211
211 160
211 210
211 157
211 256
212 213
212 257
212 258
213 257
213 212
213 258
214 218
214 259
214 260
215 221
215 261
215 256
216 165
216 217
216 208
216 262
217 165
217 216
217 208
217 263
218 214
218 259
218 260
218 264
219 187
219 239
219 240
219 264
220 265
220 223
220 266
221 261
221 215
221 256
221 267
222 241
222 188
222 231
222 267
223 265
223 220
223 266
224 174
224 171
224 225
225 174
225 171
225 224
225 260
226 227
226 268
226 269
227 226
227 268
227 269
228 179
228 177
228 229
228 270
229 228
229 179
229 177
229 266
230 234
230 235
230 183
230 271
231 222
231 241
231 188
231 271
232 182
232 233
232 207
233 182
233 232
233 207
233 272
234 235
234 183
234 230
234 273
235 234
235 183
235 230
236 274
236 275
236 255
237 276
237 277
237 278
238 279
238 280
238 271
239 219
239 187
239 240
239 281
240 219
240 187
240 239
240 278
241 222
241 188
241 231
241 282
242 191
242 243
242 209
242 283
243 191
243 242
243 209
244 192
244 245
244 246
244 284
245 244
245 192
245 246
246 244
246 192
246 245
246 278
247 251
247 252
247 200
247 271
248 199
248 249
248 250
249 248
249 199
249 250
249 285
250 248
250 199
250 249
250 278
251 252
251 200
251 247
252 251
252 200
252 247
252 286
253 270
253 254
253 287
254 270
254 253
254 287
255 236
255 274
255 275
256 221
256 261
256 215
257 213
257 212
257 258
258 213
258 257
258 212
258 288
258 289
259 218
259 214
259 260
259 290
260 218
260 214
260 259
261 221
261 215
261 256
261 291
262 264
262 292
262 293
263 267
263 294
263 289
264 262
264 292
264 293
265 223
265 220
265 266
265 295
265 296
266 265
266 223
266 220
267 294
267 263
267 289
268 227
268 226
268 269
269 227
269 226
269 268
269 293
269 297
270 254
270 253
270 287
271 279
271 280
271 238
272 273
272 298
272 288
273 298
273 272
273 288
274 236
274 275
274 255
274 299
275 236
275 274
275 255
275 300
276 237
276 277
276 278
276 301
277 276
277 237
277 278
277 302
278 276
278 237
278 277
279 280
279 238
279 271
279 303
280 279
280 238
280 271
280 304
281 296
281 282
281 305
282 296
282 281
282 305
283 284
283 306
283 297
284 283
284 306
284 297
285 307
285 286
285 308
286 307
286 285
286 308
287 270
287 254
287 253
287 305
287 308
288 273
288 298
288 272
288 309
289 267
289 294
289 263
289 309
290 295
290 291
290 310
291 295
291 290
291 310
292 264
292 262
292 293
292 311
293 264
293 262
293 292
293 312
294 267
294 263
294 289
294 313
295 291
295 290
295 310
295 314
296 282
296 281
296 305
296 314
297 284
297 283
297 306
297 312
298 273
298 272
298 288
299 301
299 315
299 312
300 303
300 316
300 309
301 299
301 315
301 312
302 317
302 304
302 318
303 316
303 300
303 309
304 317
304 302
304 318
305 296
305 282
305 281
305 318
306 284
306 283
306 297
307 286
307 285
307 308
308 307
308 286
308 285
308 318
309 303
309 316
309 300
310 295
310 291
310 290
311 314
311 313
311 319
312 301
312 299
312 315
313 314
313 311
313 319
314 313
314 311
314 319
315 301
315 299
315 312
315 320
316 303
316 300
316 309
316 321
317 304
317 302
317 318
317 322
318 317
318 304
318 302
319 314
319 313
319 311
319 323
320 322
320 321
320 323
321 322
321 320
321 323
322 321
322 320
322 323
323 322
323 321
323 320
