0 1
0 2
0 3
0 4
0 5
0 6
0 7
0 8
0 9
0 10
0 11
1 0
2 12
2 0
2 13
2 14
2 15
2 16
3 17
3 0
3 18
3 19
3 20
3 21
4 22
4 0
4 23
4 24
4 25
4 26
5 27
5 0
5 28
5 29
5 30
5 31
6 32
6 0
6 33
6 34
6 35
6 36
7 37
7 18
7 23
7 28
7 33
7 0
8 38
8 13
8 24
8 29
8 34
8 0
9 39
9 14
9 19
9 30
9 35
9 0
10 40
10 15
10 20
10 25
10 36
10 0
11 41
11 16
11 21
11 26
11 31
11 0
12 2
12 42
13 43
13 8
13 2
14 44
14 9
14 2
15 45
15 10
15 2
16 46
16 11
16 2
17 3
17 47
18 48
18 7
18 3
19 49
19 9
19 3
20 50
20 10
20 3
21 51
21 11
21 3
22 4
22 52
23 53
23 7
23 4
24 54
24 8
24 4
25 55
25 10
25 4
26 56
26 11
26 4
27 5
27 57
28 58
28 7
28 5
29 59
29 8
29 5
30 60
30 9
30 5
31 61
31 11
31 5
32 6
32 62
33 63
33 7
33 6
34 64
34 8
34 6
35 65
35 9
35 6
36 66
36 10
36 6
37 7
37 42
38 8
38 47
39 9
39 52
40 10
40 57
41 11
41 62
42 67
42 12
42 37
43 13
43 68
43 69
44 14
44 70
44 71
45 15
45 72
45 73
46 16
46 74
46 75
47 76
47 17
47 38
48 18
48 77
48 78
49 19
49 79
49 80
50 20
50 81
50 82
51 21
51 83
51 84
52 85
52 22
52 39
53 23
53 86
53 87
54 24
54 88
54 89
55 25
55 90
55 91
56 26
56 92
56 93
57 94
57 27
57 40
58 28
58 95
58 96
59 29
59 97
59 98
60 30
60 99
60 100
61 31
61 101
61 102
62 103
62 32
62 41
63 33
63 104
63 105
64 34
64 106
64 107
65 35
65 108
65 109
66 36
66 110
66 111
67 42
67 112
67 113
67 114
67 115
67 116
67 117
67 118
67 119
68 116
68 43
68 120
69 121
69 120
69 43
70 117
70 44
70 122
71 123
71 122
71 44
72 118
72 45
72 124
73 125
73 124
73 45
74 119
74 46
74 126
75 127
75 126
75 46
76 47
76 121
76 128
76 129
76 130
76 131
76 132
76 133
76 134
77 131
77 48
77 120
78 112
78 120
78 48
79 132
79 49
79 135
80 136
80 135
80 49
81 133
81 50
81 137
82 138
82 137
82 50
83 134
83 51
83 139
84 140
84 139
84 51
85 52
85 123
85 136
85 141
85 142
85 143
85 144
85 145
85 146
86 143
86 53
86 122
87 113
87 122
87 53
88 144
88 54
88 135
89 128
89 135
89 54
90 145
90 55
90 147
91 148
91 147
91 55
92 146
92 56
92 149
93 150
93 149
93 56
94 57
94 125
94 138
94 148
94 151
94 152
94 153
94 154
94 155
95 152
95 58
95 124
96 114
96 124
96 58
97 153
97 59
97 137
98 129
98 137
98 59
99 154
99 60
99 147
100 141
100 147
100 60
101 155
101 61
101 156
102 157
102 156
102 61
103 62
103 127
103 140
103 150
103 157
103 158
103 159
103 160
103 161
104 158
104 63
104 126
105 115
105 126
105 63
106 159
106 64
106 139
107 130
107 139
107 64
108 160
108 65
108 149
109 142
109 149
109 65
110 161
110 66
110 156
111 151
111 156
111 66
112 78
112 67
112 162
112 163
112 164
113 87
113 67
113 165
113 166
113 167
114 96
114 67
114 168
114 169
114 170
115 105
115 67
115 171
115 172
115 173
116 68
116 165
116 168
116 171
116 67
117 70
117 162
117 169
117 172
117 67
118 72
118 163
118 166
118 173
118 67
119 74
119 164
119 167
119 170
119 67
120 174
120 69
120 78
120 77
120 68
121 69
121 76
121 175
121 176
121 177
122 178
122 71
122 87
122 86
122 70
123 71
123 85
123 179
123 180
123 181
124 182
124 73
124 96
124 95
124 72
125 73
125 94
125 183
125 184
125 185
126 186
126 75
126 105
126 104
126 74
127 75
127 103
127 187
127 188
127 189
128 89
128 76
128 190
128 191
128 192
129 98
129 76
129 193
129 194
129 195
130 107
130 76
130 196
130 197
130 198
131 77
131 190
131 193
131 196
131 76
132 79
132 175
132 194
132 197
132 76
133 81
133 176
133 191
133 198
133 76
134 83
134 177
134 192
134 195
134 76
135 199
135 80
135 89
135 88
135 79
136 80
136 85
136 200
136 201
136 202
137 203
137 82
137 98
137 97
137 81
138 82
138 94
138 204
138 205
138 206
139 207
139 84
139 107
139 106
139 83
140 84
140 103
140 208
140 209
140 210
141 100
141 85
141 211
141 212
141 213
142 109
142 85
142 214
142 215
142 216
143 86
143 200
143 211
143 214
143 85
144 88
144 179
144 212
144 215
144 85
145 90
145 180
145 201
145 216
145 85
146 92
146 181
146 202
146 213
146 85
147 217
147 91
147 100
147 99
147 90
148 91
148 94
148 218
148 219
148 220
149 221
149 93
149 109
149 108
149 92
150 93
150 103
150 222
150 223
150 224
151 111
151 94
151 225
151 226
151 227
152 95
152 204
152 218
152 225
152 94
153 97
153 183
153 219
153 226
153 94
154 99
154 184
154 205
154 227
154 94
155 101
155 185
155 206
155 220
155 94
156 228
156 102
156 111
156 110
156 101
157 102
157 103
157 229
157 230
157 231
158 104
158 208
158 222
158 229
158 103
159 106
159 187
159 223
159 230
159 103
160 108
160 188
160 209
160 231
160 103
161 110
161 189
161 210
161 224
161 103
162 232
162 117
162 112
163 233
163 118
163 112
164 234
164 119
164 112
165 235
165 116
165 113
166 236
166 118
166 113
167 237
167 119
167 113
168 238
168 116
168 114
169 239
169 117
169 114
170 240
170 119
170 114
171 241
171 116
171 115
172 242
172 117
172 115
173 243
173 118
173 115
174 120
174 244
174 245
174 246
174 247
174 248
174 249
175 250
175 132
175 121
176 251
176 133
176 121
177 252
177 134
177 121
178 122
178 253
178 254
178 255
178 256
178 257
178 258
179 259
179 144
179 123
180 260
180 145
180 123
181 261
181 146
181 123
182 124
182 262
182 263
182 264
182 265
182 266
182 267
183 268
183 153
183 125
184 269
184 154
184 125
185 270
185 155
185 125
186 126
186 271
186 272
186 273
186 274
186 275
186 276
187 277
187 159
187 127
188 278
188 160
188 127
189 279
189 161
189 127
190 280
190 131
190 128
191 281
191 133
191 128
192 282
192 134
192 128
193 283
193 131
193 129
194 284
194 132
194 129
195 285
195 134
195 129
196 286
196 131
196 130
197 287
197 132
197 130
198 288
198 133
198 130
199 135
199 289
199 290
199 291
199 292
199 293
199 294
200 295
200 143
200 136
201 296
201 145
201 136
202 297
202 146
202 136
203 137
203 298
203 299
203 300
203 301
203 302
203 303
204 304
204 152
204 138
205 305
205 154
205 138
206 306
206 155
206 138
207 139
207 307
207 308
207 309
207 310
207 311
207 312
208 313
208 158
208 140
209 314
209 160
209 140
210 315
210 161
210 140
211 316
211 143
211 141
212 317
212 144
212 141
213 318
213 146
213 141
214 319
214 143
214 142
215 320
215 144
215 142
216 321
216 145
216 142
217 147
217 322
217 323
217 324
217 325
217 326
217 327
218 328
218 152
218 148
219 329
219 153
219 148
220 330
220 155
220 148
221 149
221 331
221 332
221 333
221 334
221 335
221 336
222 337
222 158
222 150
223 338
223 159
223 150
224 339
224 161
224 150
225 340
225 152
225 151
226 341
226 153
226 151
227 342
227 154
227 151
228 156
228 343
228 344
228 345
228 346
228 347
228 348
229 349
229 158
229 157
230 350
230 159
230 157
231 351
231 160
231 157
232 162
232 352
232 353
233 163
233 354
233 355
234 164
234 356
234 357
235 165
235 358
235 359
236 166
236 360
236 361
237 167
237 362
237 363
238 168
238 364
238 365
239 169
239 366
239 367
240 170
240 368
240 369
241 171
241 370
241 371
242 172
242 372
242 373
243 173
243 374
243 375
244 359
244 174
244 376
244 377
245 365
245 174
245 378
245 379
246 371
246 174
246 380
246 381
247 352
247 378
247 380
247 174
248 354
248 376
248 381
248 174
249 356
249 377
249 379
249 174
250 175
250 352
250 382
251 176
251 354
251 383
252 177
252 356
252 384
253 353
253 178
253 385
253 386
254 367
254 178
254 387
254 388
255 373
255 178
255 389
255 390
256 358
256 387
256 389
256 178
257 360
257 385
257 390
257 178
258 362
258 386
258 388
258 178
259 179
259 358
259 382
260 180
260 360
260 391
261 181
261 362
261 392
262 355
262 182
262 393
262 394
263 361
263 182
263 395
263 396
264 375
264 182
264 397
264 398
265 364
265 395
265 397
265 182
266 366
266 393
266 398
266 182
267 368
267 394
267 396
267 182
268 183
268 364
268 383
269 184
269 366
269 391
270 185
270 368
270 399
271 357
271 186
271 400
271 401
272 363
272 186
272 402
272 403
273 369
273 186
273 404
273 405
274 370
274 402
274 404
274 186
275 372
275 400
275 405
275 186
276 374
276 401
276 403
276 186
277 187
277 370
277 384
278 188
278 372
278 392
279 189
279 374
279 399
280 190
280 406
280 359
281 191
281 407
281 408
282 192
282 409
282 410
283 193
283 411
283 365
284 194
284 412
284 413
285 195
285 414
285 415
286 196
286 416
286 371
287 197
287 417
287 418
288 198
288 419
288 420
289 382
289 199
289 421
289 422
290 413
290 199
290 423
290 424
291 418
291 199
291 425
291 426
292 406
292 423
292 425
292 199
293 407
293 421
293 426
293 199
294 409
294 422
294 424
294 199
295 200
295 406
295 353
296 201
296 407
296 427
297 202
297 409
297 428
298 383
298 203
298 429
298 430
299 408
299 203
299 431
299 432
300 420
300 203
300 433
300 434
301 411
301 431
301 433
301 203
302 412
302 429
302 434
302 203
303 414
303 430
303 432
303 203
304 204
304 411
304 355
305 205
305 412
305 427
306 206
306 414
306 435
307 384
307 207
307 436
307 437
308 410
308 207
308 438
308 439
309 415
309 207
309 440
309 441
310 416
310 438
310 440
310 207
311 417
311 436
311 441
311 207
312 419
312 437
312 439
312 207
313 208
313 416
313 357
314 209
314 417
314 428
315 210
315 419
315 435
316 211
316 442
316 367
317 212
317 443
317 413
318 213
318 444
318 445
319 214
319 446
319 373
320 215
320 447
320 418
321 216
321 448
321 449
322 391
322 217
322 450
322 451
323 427
323 217
323 452
323 453
324 449
324 217
324 454
324 455
325 442
325 452
325 454
325 217
326 443
326 450
326 455
326 217
327 444
327 451
327 453
327 217
328 218
328 442
328 361
329 219
329 443
329 408
330 220
330 444
330 456
331 392
331 221
331 457
331 458
332 428
332 221
332 459
332 460
333 445
333 221
333 461
333 462
334 446
334 459
334 461
334 221
335 447
335 457
335 462
335 221
336 448
336 458
336 460
336 221
337 222
337 446
337 363
338 223
338 447
338 410
339 224
339 448
339 456
340 225
340 463
340 375
341 226
341 464
341 420
342 227
342 465
342 449
343 399
343 228
343 466
343 467
344 435
344 228
344 468
344 469
345 456
345 228
345 470
345 471
346 463
346 468
346 470
346 228
347 464
347 466
347 471
347 228
348 465
348 467
348 469
348 228
349 229
349 463
349 369
350 230
350 464
350 415
351 231
351 465
351 445
352 247
352 250
352 232
352 472
353 253
353 472
353 295
353 232
354 248
354 251
354 233
354 473
355 262
355 473
355 304
355 233
356 249
356 252
356 234
356 474
357 271
357 474
357 313
357 234
358 256
358 259
358 235
358 472
359 244
359 472
359 280
359 235
360 257
360 260
360 236
360 475
361 263
361 475
361 328
361 236
362 258
362 261
362 237
362 476
363 272
363 476
363 337
363 237
364 265
364 268
364 238
364 473
365 245
365 473
365 283
365 238
366 266
366 269
366 239
366 475
367 254
367 475
367 316
367 239
368 267
368 270
368 240
368 477
369 273
369 477
369 349
369 240
370 274
370 277
370 241
370 474
371 246
371 474
371 286
371 241
372 275
372 278
372 242
372 476
373 255
373 476
373 319
373 242
374 276
374 279
374 243
374 477
375 264
375 477
375 340
375 243
376 478
376 248
376 244
377 479
377 249
377 244
378 480
378 247
378 245
379 481
379 249
379 245
380 482
380 247
380 246
381 483
381 248
381 246
382 289
382 472
382 259
382 250
383 298
383 473
383 268
383 251
384 307
384 474
384 277
384 252
385 484
385 257
385 253
386 485
386 258
386 253
387 486
387 256
387 254
388 487
388 258
388 254
389 488
389 256
389 255
390 489
390 257
390 255
391 322
391 475
391 269
391 260
392 331
392 476
392 278
392 261
393 490
393 266
393 262
394 491
394 267
394 262
395 492
395 265
395 263
396 493
396 267
396 263
397 494
397 265
397 264
398 495
398 266
398 264
399 343
399 477
399 279
399 270
400 496
400 275
400 271
401 497
401 276
401 271
402 498
402 274
402 272
403 499
403 276
403 272
404 500
404 274
404 273
405 501
405 275
405 273
406 292
406 295
406 280
406 472
407 293
407 296
407 281
407 502
408 299
408 502
408 329
408 281
409 294
409 297
409 282
409 503
410 308
410 503
410 338
410 282
411 301
411 304
411 283
411 473
412 302
412 305
412 284
412 502
413 290
413 502
413 317
413 284
414 303
414 306
414 285
414 504
415 309
415 504
415 350
415 285
416 310
416 313
416 286
416 474
417 311
417 314
417 287
417 503
418 291
418 503
418 320
418 287
419 312
419 315
419 288
419 504
420 300
420 504
420 341
420 288
421 505
421 293
421 289
422 506
422 294
422 289
423 507
423 292
423 290
424 508
424 294
424 290
425 509
425 292
425 291
426 510
426 293
426 291
427 323
427 502
427 305
427 296
428 332
428 503
428 314
428 297
429 511
429 302
429 298
430 512
430 303
430 298
431 513
431 301
431 299
432 514
432 303
432 299
433 515
433 301
433 300
434 516
434 302
434 300
435 344
435 504
435 315
435 306
436 517
436 311
436 307
437 518
437 312
437 307
438 519
438 310
438 308
439 520
439 312
439 308
440 521
440 310
440 309
441 522
441 311
441 309
442 325
442 328
442 316
442 475
443 326
443 329
443 317
443 502
444 327
444 330
444 318
444 523
445 333
445 523
445 351
445 318
446 334
446 337
446 319
446 476
447 335
447 338
447 320
447 503
448 336
448 339
448 321
448 523
449 324
449 523
449 342
449 321
450 524
450 326
450 322
451 525
451 327
451 322
452 526
452 325
452 323
453 527
453 327
453 323
454 528
454 325
454 324
455 529
455 326
455 324
456 345
456 523
456 339
456 330
457 530
457 335
457 331
458 531
458 336
458 331
459 532
459 334
459 332
460 533
460 336
460 332
461 534
461 334
461 333
462 535
462 335
462 333
463 346
463 349
463 340
463 477
464 347
464 350
464 341
464 504
465 348
465 351
465 342
465 523
466 536
466 347
466 343
467 537
467 348
467 343
468 538
468 346
468 344
469 539
469 348
469 344
470 540
470 346
470 345
471 541
471 347
471 345
472 542
472 382
472 353
472 359
472 406
472 358
472 352
473 543
473 383
473 355
473 365
473 411
473 364
473 354
474 544
474 384
474 357
474 371
474 416
474 370
474 356
475 545
475 391
475 361
475 367
475 442
475 366
475 360
476 546
476 392
476 363
476 373
476 446
476 372
476 362
477 547
477 399
477 369
477 375
477 463
477 374
477 368
478 376
478 548
478 549
479 377
479 550
479 551
480 378
480 552
480 553
481 379
481 554
481 555
482 380
482 556
482 557
483 381
483 558
483 559
484 385
484 548
484 560
485 386
485 550
485 561
486 387
486 562
486 553
487 388
487 563
487 564
488 389
488 565
488 557
489 390
489 566
489 567
490 393
490 552
490 560
491 394
491 554
491 568
492 395
492 562
492 549
493 396
493 563
493 569
494 397
494 570
494 559
495 398
495 571
495 567
496 400
496 556
496 561
497 401
497 558
497 568
498 402
498 565
498 551
499 403
499 566
499 569
500 404
500 570
500 555
501 405
501 571
501 564
502 572
502 427
502 408
502 413
502 443
502 412
502 407
503 573
503 428
503 410
503 418
503 447
503 417
503 409
504 574
504 435
504 415
504 420
504 464
504 419
504 414
505 421
505 548
505 575
506 422
506 550
506 576
507 423
507 577
507 553
508 424
508 578
508 579
509 425
509 580
509 557
510 426
510 581
510 582
511 429
511 552
511 575
512 430
512 554
512 583
513 431
513 577
513 549
514 432
514 578
514 584
515 433
515 585
515 559
516 434
516 586
516 582
517 436
517 556
517 576
518 437
518 558
518 583
519 438
519 580
519 551
520 439
520 581
520 584
521 440
521 585
521 555
522 441
522 586
522 579
523 587
523 456
523 445
523 449
523 465
523 448
523 444
524 450
524 562
524 575
525 451
525 563
525 588
526 452
526 577
526 560
527 453
527 578
527 589
528 454
528 590
528 567
529 455
529 591
529 582
530 457
530 565
530 576
531 458
531 566
531 588
532 459
532 580
532 561
533 460
533 581
533 589
534 461
534 590
534 564
535 462
535 591
535 579
536 466
536 570
536 583
537 467
537 571
537 588
538 468
538 585
538 568
539 469
539 586
539 589
540 470
540 590
540 569
541 471
541 591
541 584
542 472
542 592
542 593
542 594
542 595
543 473
543 596
543 597
543 598
543 599
544 474
544 600
544 601
544 602
544 603
545 475
545 604
545 605
545 606
545 607
546 476
546 608
546 609
546 610
546 611
547 477
547 612
547 613
547 614
547 615
548 594
548 505
548 484
548 478
548 616
549 596
549 616
549 513
549 492
549 478
550 595
550 506
550 485
550 479
550 617
551 600
551 617
551 519
551 498
551 479
552 598
552 511
552 490
552 480
552 616
553 592
553 616
553 507
553 486
553 480
554 599
554 512
554 491
554 481
554 618
555 601
555 618
555 521
555 500
555 481
556 602
556 517
556 496
556 482
556 617
557 593
557 617
557 509
557 488
557 482
558 603
558 518
558 497
558 483
558 618
559 597
559 618
559 515
559 494
559 483
560 604
560 616
560 526
560 490
560 484
561 608
561 617
561 532
561 496
561 485
562 606
562 524
562 492
562 486
562 616
563 607
563 525
563 493
563 487
563 619
564 609
564 619
564 534
564 501
564 487
565 610
565 530
565 498
565 488
565 617
566 611
566 531
566 499
566 489
566 619
567 605
567 619
567 528
567 495
567 489
568 612
568 618
568 538
568 497
568 491
569 613
569 619
569 540
569 499
569 493
570 614
570 536
570 500
570 494
570 618
571 615
571 537
571 501
571 495
571 619
572 502
572 620
572 621
572 622
572 623
573 503
573 624
573 625
573 626
573 627
574 504
574 628
574 629
574 630
574 631
575 620
575 616
575 524
575 511
575 505
576 624
576 617
576 530
576 517
576 506
577 622
577 526
577 513
577 507
577 616
578 623
578 527
578 514
578 508
578 632
579 625
579 632
579 535
579 522
579 508
580 626
580 532
580 519
580 509
580 617
581 627
581 533
581 520
581 510
581 632
582 621
582 632
582 529
582 516
582 510
583 628
583 618
583 536
583 518
583 512
584 629
584 632
584 541
584 520
584 514
585 630
585 538
585 521
585 515
585 618
586 631
586 539
586 522
586 516
586 632
587 523
587 633
587 634
587 635
587 636
588 633
588 619
588 537
588 531
588 525
589 634
589 632
589 539
589 533
589 527
590 635
590 540
590 534
590 528
590 619
591 636
591 541
591 535
591 529
591 632
592 553
592 542
592 637
593 557
593 542
593 638
594 548
594 638
594 542
595 550
595 637
595 542
596 549
596 543
596 639
597 559
597 543
597 640
598 552
598 640
598 543
599 554
599 639
599 543
600 551
600 544
600 641
601 555
601 544
601 642
602 556
602 642
602 544
603 558
603 641
603 544
604 560
604 545
604 643
605 567
605 545
605 644
606 562
606 644
606 545
607 563
607 643
607 545
608 561
608 546
608 645
609 564
609 546
609 646
610 565
610 646
610 546
611 566
611 645
611 546
612 568
612 547
612 647
613 569
613 547
613 648
614 570
614 648
614 547
615 571
615 647
615 547
616 649
616 575
616 560
616 549
616 553
616 577
616 562
616 552
616 548
617 650
617 576
617 561
617 551
617 557
617 580
617 565
617 556
617 550
618 651
618 583
618 568
618 555
618 559
618 585
618 570
618 558
618 554
619 652
619 588
619 569
619 564
619 567
619 590
619 571
619 566
619 563
620 575
620 572
620 653
621 582
621 572
621 654
622 577
622 654
622 572
623 578
623 653
623 572
624 576
624 573
624 655
625 579
625 573
625 656
626 580
626 656
626 573
627 581
627 655
627 573
628 583
628 574
628 657
629 584
629 574
629 658
630 585
630 658
630 574
631 586
631 657
631 574
632 659
632 589
632 584
632 579
632 582
632 591
632 586
632 581
632 578
633 588
633 587
633 660
634 589
634 587
634 661
635 590
635 661
635 587
636 591
636 660
636 587
637 662
637 595
637 592
638 663
638 594
638 593
639 664
639 599
639 596
640 665
640 598
640 597
641 666
641 603
641 600
642 667
642 602
642 601
643 668
643 607
643 604
644 669
644 606
644 605
645 670
645 611
645 608
646 671
646 610
646 609
647 672
647 615
647 612
648 673
648 614
648 613
649 616
649 674
649 675
650 617
650 676
650 677
651 618
651 678
651 679
652 619
652 680
652 681
653 682
653 623
653 620
654 683
654 622
654 621
655 684
655 627
655 624
656 685
656 626
656 625
657 686
657 631
657 628
658 687
658 630
658 629
659 632
659 688
659 689
660 690
660 636
660 633
661 691
661 635
661 634
662 637
662 692
662 693
663 638
663 694
663 695
664 639
664 692
664 696
665 640
665 697
665 695
666 641
666 694
666 696
667 642
667 697
667 693
668 643
668 692
668 698
669 644
669 699
669 695
670 645
670 694
670 698
671 646
671 699
671 693
672 647
672 697
672 698
673 648
673 699
673 696
674 695
674 649
675 692
675 649
676 693
676 650
677 694
677 650
678 696
678 651
679 697
679 651
680 698
680 652
681 699
681 652
682 653
682 692
682 700
683 654
683 701
683 695
684 655
684 694
684 700
685 656
685 701
685 693
686 657
686 697
686 700
687 658
687 701
687 696
688 700
688 659
689 701
689 659
690 660
690 699
690 700
691 661
691 701
691 698
692 675
692 682
692 668
692 664
692 662
692 702
693 676
693 702
693 685
693 671
693 667
693 662
694 677
694 684
694 670
694 666
694 663
694 702
695 674
695 702
695 683
695 669
695 665
695 663
696 678
696 702
696 687
696 673
696 666
696 664
697 679
697 686
697 672
697 667
697 665
697 702
698 680
698 702
698 691
698 672
698 670
698 668
699 681
699 690
699 673
699 671
699 669
699 702
700 688
700 702
700 690
700 686
700 684
700 682
701 689
701 691
701 687
701 685
701 683
701 702
702 703
702 700
702 698
702 696
702 693
702 695
702 701
702 699
702 697
702 694
702 692
703 702
