0 1
1 2
2 3
2 4
3 5
3 6
3 7
4 8
5 9
5 10
6 11
6 12
7 13
7 12
8 14
8 15
8 16
9 17
9 18
10 19
11 20
11 21
12 22
13 23
13 24
14 25
14 26
15 27
15 28
16 29
16 28
18 30
19 31
19 32
20 33
20 34
21 35
22 36
22 37
23 38
23 39
24 40
25 41
25 42
26 43
27 44
27 45
28 46
29 47
29 48
30 49
30 50
30 51
30 52
30 53
31 54
31 55
31 56
31 57
31 58
32 59
33 60
33 61
33 62
33 63
33 64
34 65
35 66
35 67
36 68
36 69
37 70
38 71
38 72
38 73
38 74
38 75
39 76
40 77
40 78
41 79
41 80
41 81
41 82
41 83
42 84
43 85
43 86
44 87
44 88
45 89
46 90
46 91
47 92
47 93
48 94
59 95
59 96
59 97
59 98
59 99
59 100
59 101
59 102
59 103
59 104
65 105
65 106
65 107
65 108
65 109
65 110
65 111
65 112
65 113
65 114
66 115
66 116
66 117
66 118
66 119
66 120
66 121
66 122
66 123
66 124
67 125
68 126
68 127
68 128
68 129
68 130
68 131
68 132
68 133
68 134
68 135
69 136
70 137
70 138
76 139
76 140
76 141
76 142
76 143
76 144
76 145
76 146
76 147
76 148
77 149
77 150
77 151
77 152
77 153
77 154
77 155
77 156
77 157
77 158
78 159
84 160
84 161
84 162
84 163
84 164
84 165
84 166
84 167
84 168
84 169
85 170
85 171
85 172
85 173
85 174
85 175
85 176
85 177
85 178
85 179
86 180
87 181
87 182
87 183
87 184
87 185
87 186
87 187
87 188
87 189
87 190
88 191
89 192
89 193
90 194
90 195
91 196
92 197
92 198
92 199
92 200
92 201
92 202
92 203
92 204
92 205
92 206
93 207
94 208
94 209
95 210
95 211
95 212
95 213
96 210
96 214
96 215
96 216
97 211
97 214
97 217
97 218
98 212
98 215
98 217
98 219
99 213
99 216
99 218
99 219
100 210
100 211
100 212
100 213
101 210
101 214
101 215
101 216
102 211
102 214
102 217
102 218
103 212
103 215
103 217
103 219
104 213
104 216
104 218
104 219
105 220
105 221
105 222
105 223
106 220
106 224
106 225
106 226
107 221
107 224
107 227
107 228
108 222
108 225
108 227
108 229
109 223
109 226
109 228
109 229
110 220
110 221
110 222
110 223
111 220
111 224
111 225
111 226
112 221
112 224
112 227
112 228
113 222
113 225
113 227
113 229
114 223
114 226
114 228
114 229
115 230
115 231
115 232
115 233
116 230
116 234
116 235
116 236
117 231
117 234
117 237
117 238
118 232
118 235
118 237
118 239
119 233
119 236
119 238
119 239
120 230
120 231
120 232
120 233
121 230
121 234
121 235
121 236
122 231
122 234
122 237
122 238
123 232
123 235
123 237
123 239
124 233
124 236
124 238
124 239
125 240
125 241
125 242
125 243
125 244
125 245
125 246
125 247
125 248
125 249
125 250
125 251
125 252
125 253
125 254
126 255
126 256
126 257
126 258
127 255
127 259
127 260
127 261
128 256
128 259
128 262
128 263
129 257
129 260
129 262
129 264
130 258
130 261
130 263
130 264
131 255
131 256
131 257
131 258
132 255
132 259
132 260
132 261
133 256
133 259
133 262
133 263
134 257
134 260
134 262
134 264
135 258
135 261
135 263
135 264
136 265
136 266
136 267
136 268
136 269
136 270
136 271
136 272
136 273
136 274
136 275
136 276
136 277
136 278
136 279
137 280
137 281
137 282
137 283
137 284
137 285
137 286
137 287
137 288
137 289
137 290
137 291
137 292
137 293
137 294
138 295
139 296
139 297
139 298
139 299
140 296
140 300
140 301
140 302
141 297
141 300
141 303
141 304
142 298
142 301
142 303
142 305
143 299
143 302
143 304
143 305
144 296
144 297
144 298
144 299
145 296
145 300
145 301
145 302
146 297
146 300
146 303
146 304
147 298
147 301
147 303
147 305
148 299
148 302
148 304
148 305
149 306
149 307
149 308
149 309
150 306
150 310
150 311
150 312
151 307
151 310
151 313
151 314
152 308
152 311
152 313
152 315
153 309
153 312
153 314
153 315
154 306
154 307
154 308
154 309
155 306
155 310
155 311
155 312
156 307
156 310
156 313
156 314
157 308
157 311
157 313
157 315
158 309
158 312
158 314
158 315
159 316
159 317
159 318
159 319
159 320
159 321
159 322
159 323
159 324
159 325
159 326
159 327
159 328
159 329
159 330
160 331
160 332
160 333
160 334
161 331
161 335
161 336
161 337
162 332
162 335
162 338
162 339
163 333
163 336
163 338
163 340
164 334
164 337
164 339
164 340
165 331
165 332
165 333
165 334
166 331
166 335
166 336
166 337
167 332
167 335
167 338
167 339
168 333
168 336
168 338
168 340
169 334
169 337
169 339
169 340
170 341
170 342
170 343
170 344
171 341
171 345
171 346
171 347
172 342
172 345
172 348
172 349
173 343
173 346
173 348
173 350
174 344
174 347
174 349
174 350
175 341
175 342
175 343
175 344
176 341
176 345
176 346
176 347
177 342
177 345
177 348
177 349
178 343
178 346
178 348
178 350
179 344
179 347
179 349
179 350
180 351
180 352
180 353
180 354
180 355
180 356
180 357
180 358
180 359
180 360
180 361
180 362
180 363
180 364
180 365
181 366
181 367
181 368
181 369
182 366
182 370
182 371
182 372
183 367
183 370
183 373
183 374
184 368
184 371
184 373
184 375
185 369
185 372
185 374
185 375
186 366
186 367
186 368
186 369
187 366
187 370
187 371
187 372
188 367
188 370
188 373
188 374
189 368
189 371
189 373
189 375
190 369
190 372
190 374
190 375
191 376
191 377
191 378
191 379
191 380
191 381
191 382
191 383
191 384
191 385
191 386
191 387
191 388
191 389
191 390
192 391
192 392
192 393
192 394
192 395
192 396
192 397
192 398
192 399
192 400
192 401
192 402
192 403
192 404
192 405
193 406
194 407
194 408
194 409
194 410
194 411
194 412
194 413
194 414
194 415
194 416
194 417
194 418
194 419
194 420
194 421
195 422
196 423
196 424
197 425
197 426
197 427
197 428
198 425
198 429
198 430
198 431
199 426
199 429
199 432
199 433
200 427
200 430
200 432
200 434
201 428
201 431
201 433
201 434
202 425
202 426
202 427
202 428
203 425
203 429
203 430
203 431
204 426
204 429
204 432
204 433
205 427
205 430
205 432
205 434
206 428
206 431
206 433
206 434
207 435
207 436
207 437
207 438
207 439
207 440
207 441
207 442
207 443
207 444
207 445
207 446
207 447
207 448
207 449
208 450
208 451
208 452
208 453
208 454
208 455
208 456
208 457
208 458
208 459
208 460
208 461
208 462
208 463
208 464
209 465
240 466
240 467
240 468
240 469
240 470
240 471
240 472
240 473
241 466
241 474
241 475
241 476
241 470
241 477
241 478
241 479
242 467
242 474
242 480
242 481
242 471
242 477
242 482
242 483
243 468
243 475
243 480
243 484
243 472
243 478
243 482
243 485
244 469
244 476
244 481
244 484
244 473
244 479
244 483
244 485
245 466
245 467
245 468
245 469
245 486
245 487
245 488
245 489
246 466
246 474
246 475
246 476
246 486
246 490
246 491
246 492
247 467
247 474
247 480
247 481
247 487
247 490
247 493
247 494
248 468
248 475
248 480
248 484
248 488
248 491
248 493
248 495
249 469
249 476
249 481
249 484
249 489
249 492
249 494
249 495
250 470
250 471
250 472
250 473
250 486
250 487
250 488
250 489
251 470
251 477
251 478
251 479
251 486
251 490
251 491
251 492
252 471
252 477
252 482
252 483
252 487
252 490
252 493
252 494
253 472
253 478
253 482
253 485
253 488
253 491
253 493
253 495
254 473
254 479
254 483
254 485
254 489
254 492
254 494
254 495
265 496
265 497
265 498
265 499
265 500
265 501
265 502
265 503
266 496
266 504
266 505
266 506
266 500
266 507
266 508
266 509
267 497
267 504
267 510
267 511
267 501
267 507
267 512
267 513
268 498
268 505
268 510
268 514
268 502
268 508
268 512
268 515
269 499
269 506
269 511
269 514
269 503
269 509
269 513
269 515
270 496
270 497
270 498
270 499
270 516
270 517
270 518
270 519
271 496
271 504
271 505
271 506
271 516
271 520
271 521
271 522
272 497
272 504
272 510
272 511
272 517
272 520
272 523
272 524
273 498
273 505
273 510
273 514
273 518
273 521
273 523
273 525
274 499
274 506
274 511
274 514
274 519
274 522
274 524
274 525
275 500
275 501
275 502
275 503
275 516
275 517
275 518
275 519
276 500
276 507
276 508
276 509
276 516
276 520
276 521
276 522
277 501
277 507
277 512
277 513
277 517
277 520
277 523
277 524
278 502
278 508
278 512
278 515
278 518
278 521
278 523
278 525
279 503
279 509
279 513
279 515
279 519
279 522
279 524
279 525
280 526
280 527
280 528
280 529
280 530
280 531
280 532
280 533
281 526
281 534
281 535
281 536
281 530
281 537
281 538
281 539
282 527
282 534
282 540
282 541
282 531
282 537
282 542
282 543
283 528
283 535
283 540
283 544
283 532
283 538
283 542
283 545
284 529
284 536
284 541
284 544
284 533
284 539
284 543
284 545
285 526
285 527
285 528
285 529
285 546
285 547
285 548
285 549
286 526
286 534
286 535
286 536
286 546
286 550
286 551
286 552
287 527
287 534
287 540
287 541
287 547
287 550
287 553
287 554
288 528
288 535
288 540
288 544
288 548
288 551
288 553
288 555
289 529
289 536
289 541
289 544
289 549
289 552
289 554
289 555
290 530
290 531
290 532
290 533
290 546
290 547
290 548
290 549
291 530
291 537
291 538
291 539
291 546
291 550
291 551
291 552
292 531
292 537
292 542
292 543
292 547
292 550
292 553
292 554
293 532
293 538
293 542
293 545
293 548
293 551
293 553
293 555
294 533
294 539
294 543
294 545
294 549
294 552
294 554
294 555
295 556
295 557
295 558
295 559
295 560
295 561
295 562
295 563
295 564
295 565
295 566
295 567
295 568
295 569
295 570
295 571
295 572
295 573
295 574
295 575
316 576
316 577
316 578
316 579
316 580
316 581
316 582
316 583
317 576
317 584
317 585
317 586
317 580
317 587
317 588
317 589
318 577
318 584
318 590
318 591
318 581
318 587
318 592
318 593
319 578
319 585
319 590
319 594
319 582
319 588
319 592
319 595
320 579
320 586
320 591
320 594
320 583
320 589
320 593
320 595
321 576
321 577
321 578
321 579
321 596
321 597
321 598
321 599
322 576
322 584
322 585
322 586
322 596
322 600
322 601
322 602
323 577
323 584
323 590
323 591
323 597
323 600
323 603
323 604
324 578
324 585
324 590
324 594
324 598
324 601
324 603
324 605
325 579
325 586
325 591
325 594
325 599
325 602
325 604
325 605
326 580
326 581
326 582
326 583
326 596
326 597
326 598
326 599
327 580
327 587
327 588
327 589
327 596
327 600
327 601
327 602
328 581
328 587
328 592
328 593
328 597
328 600
328 603
328 604
329 582
329 588
329 592
329 595
329 598
329 601
329 603
329 605
330 583
330 589
330 593
330 595
330 599
330 602
330 604
330 605
351 606
351 607
351 608
351 609
351 610
351 611
351 612
351 613
352 606
352 614
352 615
352 616
352 610
352 617
352 618
352 619
353 607
353 614
353 620
353 621
353 611
353 617
353 622
353 623
354 608
354 615
354 620
354 624
354 612
354 618
354 622
354 625
355 609
355 616
355 621
355 624
355 613
355 619
355 623
355 625
356 606
356 607
356 608
356 609
356 626
356 627
356 628
356 629
357 606
357 614
357 615
357 616
357 626
357 630
357 631
357 632
358 607
358 614
358 620
358 621
358 627
358 630
358 633
358 634
359 608
359 615
359 620
359 624
359 628
359 631
359 633
359 635
360 609
360 616
360 621
360 624
360 629
360 632
360 634
360 635
361 610
361 611
361 612
361 613
361 626
361 627
361 628
361 629
362 610
362 617
362 618
362 619
362 626
362 630
362 631
362 632
363 611
363 617
363 622
363 623
363 627
363 630
363 633
363 634
364 612
364 618
364 622
364 625
364 628
364 631
364 633
364 635
365 613
365 619
365 623
365 625
365 629
365 632
365 634
365 635
376 636
376 637
376 638
376 639
376 640
376 641
376 642
376 643
377 636
377 644
377 645
377 646
377 640
377 647
377 648
377 649
378 637
378 644
378 650
378 651
378 641
378 647
378 652
378 653
379 638
379 645
379 650
379 654
379 642
379 648
379 652
379 655
380 639
380 646
380 651
380 654
380 643
380 649
380 653
380 655
381 636
381 637
381 638
381 639
381 656
381 657
381 658
381 659
382 636
382 644
382 645
382 646
382 656
382 660
382 661
382 662
383 637
383 644
383 650
383 651
383 657
383 660
383 663
383 664
384 638
384 645
384 650
384 654
384 658
384 661
384 663
384 665
385 639
385 646
385 651
385 654
385 659
385 662
385 664
385 665
386 640
386 641
386 642
386 643
386 656
386 657
386 658
386 659
387 640
387 647
387 648
387 649
387 656
387 660
387 661
387 662
388 641
388 647
388 652
388 653
388 657
388 660
388 663
388 664
389 642
389 648
389 652
389 655
389 658
389 661
389 663
389 665
390 643
390 649
390 653
390 655
390 659
390 662
390 664
390 665
391 666
391 667
391 668
391 669
391 670
391 671
391 672
391 673
392 666
392 674
392 675
392 676
392 670
392 677
392 678
392 679
393 667
393 674
393 680
393 681
393 671
393 677
393 682
393 683
394 668
394 675
394 680
394 684
394 672
394 678
394 682
394 685
395 669
395 676
395 681
395 684
395 673
395 679
395 683
395 685
396 666
396 667
396 668
396 669
396 686
396 687
396 688
396 689
397 666
397 674
397 675
397 676
397 686
397 690
397 691
397 692
398 667
398 674
398 680
398 681
398 687
398 690
398 693
398 694
399 668
399 675
399 680
399 684
399 688
399 691
399 693
399 695
400 669
400 676
400 681
400 684
400 689
400 692
400 694
400 695
401 670
401 671
401 672
401 673
401 686
401 687
401 688
401 689
402 670
402 677
402 678
402 679
402 686
402 690
402 691
402 692
403 671
403 677
403 682
403 683
403 687
403 690
403 693
403 694
404 672
404 678
404 682
404 685
404 688
404 691
404 693
404 695
405 673
405 679
405 683
405 685
405 689
405 692
405 694
405 695
406 696
406 697
406 698
406 699
406 700
406 701
406 702
406 703
406 704
406 705
406 706
406 707
406 708
406 709
406 710
406 711
406 712
406 713
406 714
406 715
407 716
407 717
407 718
407 719
407 720
407 721
407 722
407 723
408 716
408 724
408 725
408 726
408 720
408 727
408 728
408 729
409 717
409 724
409 730
409 731
409 721
409 727
409 732
409 733
410 718
410 725
410 730
410 734
410 722
410 728
410 732
410 735
411 719
411 726
411 731
411 734
411 723
411 729
411 733
411 735
412 716
412 717
412 718
412 719
412 736
412 737
412 738
412 739
413 716
413 724
413 725
413 726
413 736
413 740
413 741
413 742
414 717
414 724
414 730
414 731
414 737
414 740
414 743
414 744
415 718
415 725
415 730
415 734
415 738
415 741
415 743
415 745
416 719
416 726
416 731
416 734
416 739
416 742
416 744
416 745
417 720
417 721
417 722
417 723
417 736
417 737
417 738
417 739
418 720
418 727
418 728
418 729
418 736
418 740
418 741
418 742
419 721
419 727
419 732
419 733
419 737
419 740
419 743
419 744
420 722
420 728
420 732
420 735
420 738
420 741
420 743
420 745
421 723
421 729
421 733
421 735
421 739
421 742
421 744
421 745
422 746
422 747
422 748
422 749
422 750
422 751
422 752
422 753
422 754
422 755
422 756
422 757
422 758
422 759
422 760
422 761
422 762
422 763
422 764
422 765
423 766
423 767
423 768
423 769
423 770
423 771
423 772
423 773
423 774
423 775
423 776
423 777
423 778
423 779
423 780
423 781
423 782
423 783
423 784
423 785
424 786
435 787
435 788
435 789
435 790
435 791
435 792
435 793
435 794
436 787
436 795
436 796
436 797
436 791
436 798
436 799
436 800
437 788
437 795
437 801
437 802
437 792
437 798
437 803
437 804
438 789
438 796
438 801
438 805
438 793
438 799
438 803
438 806
439 790
439 797
439 802
439 805
439 794
439 800
439 804
439 806
440 787
440 788
440 789
440 790
440 807
440 808
440 809
440 810
441 787
441 795
441 796
441 797
441 807
441 811
441 812
441 813
442 788
442 795
442 801
442 802
442 808
442 811
442 814
442 815
443 789
443 796
443 801
443 805
443 809
443 812
443 814
443 816
444 790
444 797
444 802
444 805
444 810
444 813
444 815
444 816
445 791
445 792
445 793
445 794
445 807
445 808
445 809
445 810
446 791
446 798
446 799
446 800
446 807
446 811
446 812
446 813
447 792
447 798
447 803
447 804
447 808
447 811
447 814
447 815
448 793
448 799
448 803
448 806
448 809
448 812
448 814
448 816
449 794
449 800
449 804
449 806
449 810
449 813
449 815
449 816
450 817
450 818
450 819
450 820
450 821
450 822
450 823
450 824
451 817
451 825
451 826
451 827
451 821
451 828
451 829
451 830
452 818
452 825
452 831
452 832
452 822
452 828
452 833
452 834
453 819
453 826
453 831
453 835
453 823
453 829
453 833
453 836
454 820
454 827
454 832
454 835
454 824
454 830
454 834
454 836
455 817
455 818
455 819
455 820
455 837
455 838
455 839
455 840
456 817
456 825
456 826
456 827
456 837
456 841
456 842
456 843
457 818
457 825
457 831
457 832
457 838
457 841
457 844
457 845
458 819
458 826
458 831
458 835
458 839
458 842
458 844
458 846
459 820
459 827
459 832
459 835
459 840
459 843
459 845
459 846
460 821
460 822
460 823
460 824
460 837
460 838
460 839
460 840
461 821
461 828
461 829
461 830
461 837
461 841
461 842
461 843
462 822
462 828
462 833
462 834
462 838
462 841
462 844
462 845
463 823
463 829
463 833
463 836
463 839
463 842
463 844
463 846
464 824
464 830
464 834
464 836
464 840
464 843
464 845
464 846
465 847
465 848
465 849
465 850
465 851
465 852
465 853
465 854
465 855
465 856
465 857
465 858
465 859
465 860
465 861
465 862
465 863
465 864
465 865
465 866
466 867
466 868
466 869
467 867
467 870
467 871
468 868
468 870
468 872
469 869
469 871
469 872
470 867
470 868
470 869
471 867
471 870
471 871
472 868
472 870
472 872
473 869
473 871
473 872
474 867
474 873
474 874
475 868
475 873
475 875
476 869
476 874
476 875
477 867
477 873
477 874
478 868
478 873
478 875
479 869
479 874
479 875
480 870
480 873
480 876
481 871
481 874
481 876
482 870
482 873
482 876
483 871
483 874
483 876
484 872
484 875
484 876
485 872
485 875
485 876
486 867
486 868
486 869
487 867
487 870
487 871
488 868
488 870
488 872
489 869
489 871
489 872
490 867
490 873
490 874
491 868
491 873
491 875
492 869
492 874
492 875
493 870
493 873
493 876
494 871
494 874
494 876
495 872
495 875
495 876
496 877
496 878
496 879
497 877
497 880
497 881
498 878
498 880
498 882
499 879
499 881
499 882
500 877
500 878
500 879
501 877
501 880
501 881
502 878
502 880
502 882
503 879
503 881
503 882
504 877
504 883
504 884
505 878
505 883
505 885
506 879
506 884
506 885
507 877
507 883
507 884
508 878
508 883
508 885
509 879
509 884
509 885
510 880
510 883
510 886
511 881
511 884
511 886
512 880
512 883
512 886
513 881
513 884
513 886
514 882
514 885
514 886
515 882
515 885
515 886
516 877
516 878
516 879
517 877
517 880
517 881
518 878
518 880
518 882
519 879
519 881
519 882
520 877
520 883
520 884
521 878
521 883
521 885
522 879
522 884
522 885
523 880
523 883
523 886
524 881
524 884
524 886
525 882
525 885
525 886
526 887
526 888
526 889
527 887
527 890
527 891
528 888
528 890
528 892
529 889
529 891
529 892
530 887
530 888
530 889
531 887
531 890
531 891
532 888
532 890
532 892
533 889
533 891
533 892
534 887
534 893
534 894
535 888
535 893
535 895
536 889
536 894
536 895
537 887
537 893
537 894
538 888
538 893
538 895
539 889
539 894
539 895
540 890
540 893
540 896
541 891
541 894
541 896
542 890
542 893
542 896
543 891
543 894
543 896
544 892
544 895
544 896
545 892
545 895
545 896
546 887
546 888
546 889
547 887
547 890
547 891
548 888
548 890
548 892
549 889
549 891
549 892
550 887
550 893
550 894
551 888
551 893
551 895
552 889
552 894
552 895
553 890
553 893
553 896
554 891
554 894
554 896
555 892
555 895
555 896
556 897
556 898
556 899
556 900
556 901
556 902
556 903
556 904
556 905
556 906
556 907
556 908
557 897
557 909
557 910
557 911
557 901
557 912
557 913
557 914
557 905
557 915
557 916
557 917
558 898
558 909
558 918
558 919
558 902
558 912
558 920
558 921
558 906
558 915
558 922
558 923
559 899
559 910
559 918
559 924
559 903
559 913
559 920
559 925
559 907
559 916
559 922
559 926
560 900
560 911
560 919
560 924
560 904
560 914
560 921
560 925
560 908
560 917
560 923
560 926
561 897
561 898
561 899
561 900
561 927
561 928
561 929
561 930
561 931
561 932
561 933
561 934
562 897
562 909
562 910
562 911
562 927
562 935
562 936
562 937
562 931
562 938
562 939
562 940
563 898
563 909
563 918
563 919
563 928
563 935
563 941
563 942
563 932
563 938
563 943
563 944
564 899
564 910
564 918
564 924
564 929
564 936
564 941
564 945
564 933
564 939
564 943
564 946
565 900
565 911
565 919
565 924
565 930
565 937
565 942
565 945
565 934
565 940
565 944
565 946
566 901
566 902
566 903
566 904
566 927
566 928
566 929
566 930
566 947
566 948
566 949
566 950
567 901
567 912
567 913
567 914
567 927
567 935
567 936
567 937
567 947
567 951
567 952
567 953
568 902
568 912
568 920
568 921
568 928
568 935
568 941
568 942
568 948
568 951
568 954
568 955
569 903
569 913
569 920
569 925
569 929
569 936
569 941
569 945
569 949
569 952
569 954
569 956
570 904
570 914
570 921
570 925
570 930
570 937
570 942
570 945
570 950
570 953
570 955
570 956
571 905
571 906
571 907
571 908
571 931
571 932
571 933
571 934
571 947
571 948
571 949
571 950
572 905
572 915
572 916
572 917
572 931
572 938
572 939
572 940
572 947
572 951
572 952
572 953
573 906
573 915
573 922
573 923
573 932
573 938
573 943
573 944
573 948
573 951
573 954
573 955
574 907
574 916
574 922
574 926
574 933
574 939
574 943
574 946
574 949
574 952
574 954
574 956
575 908
575 917
575 923
575 926
575 934
575 940
575 944
575 946
575 950
575 953
575 955
575 956
576 957
576 958
576 959
577 957
577 960
577 961
578 958
578 960
578 962
579 959
579 961
579 962
580 957
580 958
580 959
581 957
581 960
581 961
582 958
582 960
582 962
583 959
583 961
583 962
584 957
584 963
584 964
585 958
585 963
585 965
586 959
586 964
586 965
587 957
587 963
587 964
588 958
588 963
588 965
589 959
589 964
589 965
590 960
590 963
590 966
591 961
591 964
591 966
592 960
592 963
592 966
593 961
593 964
593 966
594 962
594 965
594 966
595 962
595 965
595 966
596 957
596 958
596 959
597 957
597 960
597 961
598 958
598 960
598 962
599 959
599 961
599 962
600 957
600 963
600 964
601 958
601 963
601 965
602 959
602 964
602 965
603 960
603 963
603 966
604 961
604 964
604 966
605 962
605 965
605 966
606 967
606 968
606 969
607 967
607 970
607 971
608 968
608 970
608 972
609 969
609 971
609 972
610 967
610 968
610 969
611 967
611 970
611 971
612 968
612 970
612 972
613 969
613 971
613 972
614 967
614 973
614 974
615 968
615 973
615 975
616 969
616 974
616 975
617 967
617 973
617 974
618 968
618 973
618 975
619 969
619 974
619 975
620 970
620 973
620 976
621 971
621 974
621 976
622 970
622 973
622 976
623 971
623 974
623 976
624 972
624 975
624 976
625 972
625 975
625 976
626 967
626 968
626 969
627 967
627 970
627 971
628 968
628 970
628 972
629 969
629 971
629 972
630 967
630 973
630 974
631 968
631 973
631 975
632 969
632 974
632 975
633 970
633 973
633 976
634 971
634 974
634 976
635 972
635 975
635 976
636 977
636 978
636 979
637 977
637 980
637 981
638 978
638 980
638 982
639 979
639 981
639 982
640 977
640 978
640 979
641 977
641 980
641 981
642 978
642 980
642 982
643 979
643 981
643 982
644 977
644 983
644 984
645 978
645 983
645 985
646 979
646 984
646 985
647 977
647 983
647 984
648 978
648 983
648 985
649 979
649 984
649 985
650 980
650 983
650 986
651 981
651 984
651 986
652 980
652 983
652 986
653 981
653 984
653 986
654 982
654 985
654 986
655 982
655 985
655 986
656 977
656 978
656 979
657 977
657 980
657 981
658 978
658 980
658 982
659 979
659 981
659 982
660 977
660 983
660 984
661 978
661 983
661 985
662 979
662 984
662 985
663 980
663 983
663 986
664 981
664 984
664 986
665 982
665 985
665 986
666 987
666 988
666 989
667 987
667 990
667 991
668 988
668 990
668 992
669 989
669 991
669 992
670 987
670 988
670 989
671 987
671 990
671 991
672 988
672 990
672 992
673 989
673 991
673 992
674 987
674 993
674 994
675 988
675 993
675 995
676 989
676 994
676 995
677 987
677 993
677 994
678 988
678 993
678 995
679 989
679 994
679 995
680 990
680 993
680 996
681 991
681 994
681 996
682 990
682 993
682 996
683 991
683 994
683 996
684 992
684 995
684 996
685 992
685 995
685 996
686 987
686 988
686 989
687 987
687 990
687 991
688 988
688 990
688 992
689 989
689 991
689 992
690 987
690 993
690 994
691 988
691 993
691 995
692 989
692 994
692 995
693 990
693 993
693 996
694 991
694 994
694 996
695 992
695 995
695 996
696 997
696 998
696 999
696 1000
696 1001
696 1002
696 1003
696 1004
696 1005
696 1006
696 1007
696 1008
697 997
697 1009
697 1010
697 1011
697 1001
697 1012
697 1013
697 1014
697 1005
697 1015
697 1016
697 1017
698 998
698 1009
698 1018
698 1019
698 1002
698 1012
698 1020
698 1021
698 1006
698 1015
698 1022
698 1023
699 999
699 1010
699 1018
699 1024
699 1003
699 1013
699 1020
699 1025
699 1007
699 1016
699 1022
699 1026
700 1000
700 1011
700 1019
700 1024
700 1004
700 1014
700 1021
700 1025
700 1008
700 1017
700 1023
700 1026
701 997
701 998
701 999
701 1000
701 1027
701 1028
701 1029
701 1030
701 1031
701 1032
701 1033
701 1034
702 997
702 1009
702 1010
702 1011
702 1027
702 1035
702 1036
702 1037
702 1031
702 1038
702 1039
702 1040
703 998
703 1009
703 1018
703 1019
703 1028
703 1035
703 1041
703 1042
703 1032
703 1038
703 1043
703 1044
704 999
704 1010
704 1018
704 1024
704 1029
704 1036
704 1041
704 1045
704 1033
704 1039
704 1043
704 1046
705 1000
705 1011
705 1019
705 1024
705 1030
705 1037
705 1042
705 1045
705 1034
705 1040
705 1044
705 1046
706 1001
706 1002
706 1003
706 1004
706 1027
706 1028
706 1029
706 1030
706 1047
706 1048
706 1049
706 1050
707 1001
707 1012
707 1013
707 1014
707 1027
707 1035
707 1036
707 1037
707 1047
707 1051
707 1052
707 1053
708 1002
708 1012
708 1020
708 1021
708 1028
708 1035
708 1041
708 1042
708 1048
708 1051
708 1054
708 1055
709 1003
709 1013
709 1020
709 1025
709 1029
709 1036
709 1041
709 1045
709 1049
709 1052
709 1054
709 1056
710 1004
710 1014
710 1021
710 1025
710 1030
710 1037
710 1042
710 1045
710 1050
710 1053
710 1055
710 1056
711 1005
711 1006
711 1007
711 1008
711 1031
711 1032
711 1033
711 1034
711 1047
711 1048
711 1049
711 1050
712 1005
712 1015
712 1016
712 1017
712 1031
712 1038
712 1039
712 1040
712 1047
712 1051
712 1052
712 1053
713 1006
713 1015
713 1022
713 1023
713 1032
713 1038
713 1043
713 1044
713 1048
713 1051
713 1054
713 1055
714 1007
714 1016
714 1022
714 1026
714 1033
714 1039
714 1043
714 1046
714 1049
714 1052
714 1054
714 1056
715 1008
715 1017
715 1023
715 1026
715 1034
715 1040
715 1044
715 1046
715 1050
715 1053
715 1055
715 1056
716 1057
716 1058
716 1059
717 1057
717 1060
717 1061
718 1058
718 1060
718 1062
719 1059
719 1061
719 1062
720 1057
720 1058
720 1059
721 1057
721 1060
721 1061
722 1058
722 1060
722 1062
723 1059
723 1061
723 1062
724 1057
724 1063
724 1064
725 1058
725 1063
725 1065
726 1059
726 1064
726 1065
727 1057
727 1063
727 1064
728 1058
728 1063
728 1065
729 1059
729 1064
729 1065
730 1060
730 1063
730 1066
731 1061
731 1064
731 1066
732 1060
732 1063
732 1066
733 1061
733 1064
733 1066
734 1062
734 1065
734 1066
735 1062
735 1065
735 1066
736 1057
736 1058
736 1059
737 1057
737 1060
737 1061
738 1058
738 1060
738 1062
739 1059
739 1061
739 1062
740 1057
740 1063
740 1064
741 1058
741 1063
741 1065
742 1059
742 1064
742 1065
743 1060
743 1063
743 1066
744 1061
744 1064
744 1066
745 1062
745 1065
745 1066
746 1067
746 1068
746 1069
746 1070
746 1071
746 1072
746 1073
746 1074
746 1075
746 1076
746 1077
746 1078
747 1067
747 1079
747 1080
747 1081
747 1071
747 1082
747 1083
747 1084
747 1075
747 1085
747 1086
747 1087
748 1068
748 1079
748 1088
748 1089
748 1072
748 1082
748 1090
748 1091
748 1076
748 1085
748 1092
748 1093
749 1069
749 1080
749 1088
749 1094
749 1073
749 1083
749 1090
749 1095
749 1077
749 1086
749 1092
749 1096
750 1070
750 1081
750 1089
750 1094
750 1074
750 1084
750 1091
750 1095
750 1078
750 1087
750 1093
750 1096
751 1067
751 1068
751 1069
751 1070
751 1097
751 1098
751 1099
751 1100
751 1101
751 1102
751 1103
751 1104
752 1067
752 1079
752 1080
752 1081
752 1097
752 1105
752 1106
752 1107
752 1101
752 1108
752 1109
752 1110
753 1068
753 1079
753 1088
753 1089
753 1098
753 1105
753 1111
753 1112
753 1102
753 1108
753 1113
753 1114
754 1069
754 1080
754 1088
754 1094
754 1099
754 1106
754 1111
754 1115
754 1103
754 1109
754 1113
754 1116
755 1070
755 1081
755 1089
755 1094
755 1100
755 1107
755 1112
755 1115
755 1104
755 1110
755 1114
755 1116
756 1071
756 1072
756 1073
756 1074
756 1097
756 1098
756 1099
756 1100
756 1117
756 1118
756 1119
756 1120
757 1071
757 1082
757 1083
757 1084
757 1097
757 1105
757 1106
757 1107
757 1117
757 1121
757 1122
757 1123
758 1072
758 1082
758 1090
758 1091
758 1098
758 1105
758 1111
758 1112
758 1118
758 1121
758 1124
758 1125
759 1073
759 1083
759 1090
759 1095
759 1099
759 1106
759 1111
759 1115
759 1119
759 1122
759 1124
759 1126
760 1074
760 1084
760 1091
760 1095
760 1100
760 1107
760 1112
760 1115
760 1120
760 1123
760 1125
760 1126
761 1075
761 1076
761 1077
761 1078
761 1101
761 1102
761 1103
761 1104
761 1117
761 1118
761 1119
761 1120
762 1075
762 1085
762 1086
762 1087
762 1101
762 1108
762 1109
762 1110
762 1117
762 1121
762 1122
762 1123
763 1076
763 1085
763 1092
763 1093
763 1102
763 1108
763 1113
763 1114
763 1118
763 1121
763 1124
763 1125
764 1077
764 1086
764 1092
764 1096
764 1103
764 1109
764 1113
764 1116
764 1119
764 1122
764 1124
764 1126
765 1078
765 1087
765 1093
765 1096
765 1104
765 1110
765 1114
765 1116
765 1120
765 1123
765 1125
765 1126
766 1127
766 1128
766 1129
766 1130
766 1131
766 1132
766 1133
766 1134
766 1135
766 1136
766 1137
766 1138
767 1127
767 1139
767 1140
767 1141
767 1131
767 1142
767 1143
767 1144
767 1135
767 1145
767 1146
767 1147
768 1128
768 1139
768 1148
768 1149
768 1132
768 1142
768 1150
768 1151
768 1136
768 1145
768 1152
768 1153
769 1129
769 1140
769 1148
769 1154
769 1133
769 1143
769 1150
769 1155
769 1137
769 1146
769 1152
769 1156
770 1130
770 1141
770 1149
770 1154
770 1134
770 1144
770 1151
770 1155
770 1138
770 1147
770 1153
770 1156
771 1127
771 1128
771 1129
771 1130
771 1157
771 1158
771 1159
771 1160
771 1161
771 1162
771 1163
771 1164
772 1127
772 1139
772 1140
772 1141
772 1157
772 1165
772 1166
772 1167
772 1161
772 1168
772 1169
772 1170
773 1128
773 1139
773 1148
773 1149
773 1158
773 1165
773 1171
773 1172
773 1162
773 1168
773 1173
773 1174
774 1129
774 1140
774 1148
774 1154
774 1159
774 1166
774 1171
774 1175
774 1163
774 1169
774 1173
774 1176
775 1130
775 1141
775 1149
775 1154
775 1160
775 1167
775 1172
775 1175
775 1164
775 1170
775 1174
775 1176
776 1131
776 1132
776 1133
776 1134
776 1157
776 1158
776 1159
776 1160
776 1177
776 1178
776 1179
776 1180
777 1131
777 1142
777 1143
777 1144
777 1157
777 1165
777 1166
777 1167
777 1177
777 1181
777 1182
777 1183
778 1132
778 1142
778 1150
778 1151
778 1158
778 1165
778 1171
778 1172
778 1178
778 1181
778 1184
778 1185
779 1133
779 1143
779 1150
779 1155
779 1159
779 1166
779 1171
779 1175
779 1179
779 1182
779 1184
779 1186
780 1134
780 1144
780 1151
780 1155
780 1160
780 1167
780 1172
780 1175
780 1180
780 1183
780 1185
780 1186
781 1135
781 1136
781 1137
781 1138
781 1161
781 1162
781 1163
781 1164
781 1177
781 1178
781 1179
781 1180
782 1135
782 1145
782 1146
782 1147
782 1161
782 1168
782 1169
782 1170
782 1177
782 1181
782 1182
782 1183
783 1136
783 1145
783 1152
783 1153
783 1162
783 1168
783 1173
783 1174
783 1178
783 1181
783 1184
783 1185
784 1137
784 1146
784 1152
784 1156
784 1163
784 1169
784 1173
784 1176
784 1179
784 1182
784 1184
784 1186
785 1138
785 1147
785 1153
785 1156
785 1164
785 1170
785 1174
785 1176
785 1180
785 1183
785 1185
785 1186
786 1187
786 1188
786 1189
786 1190
786 1191
786 1192
786 1193
786 1194
786 1195
786 1196
786 1197
786 1198
786 1199
786 1200
786 1201
786 1202
786 1203
786 1204
786 1205
786 1206
786 1207
786 1208
786 1209
786 1210
786 1211
787 1212
787 1213
787 1214
788 1212
788 1215
788 1216
789 1213
789 1215
789 1217
790 1214
790 1216
790 1217
791 1212
791 1213
791 1214
792 1212
792 1215
792 1216
793 1213
793 1215
793 1217
794 1214
794 1216
794 1217
795 1212
795 1218
795 1219
796 1213
796 1218
796 1220
797 1214
797 1219
797 1220
798 1212
798 1218
798 1219
799 1213
799 1218
799 1220
800 1214
800 1219
800 1220
801 1215
801 1218
801 1221
802 1216
802 1219
802 1221
803 1215
803 1218
803 1221
804 1216
804 1219
804 1221
805 1217
805 1220
805 1221
806 1217
806 1220
806 1221
807 1212
807 1213
807 1214
808 1212
808 1215
808 1216
809 1213
809 1215
809 1217
810 1214
810 1216
810 1217
811 1212
811 1218
811 1219
812 1213
812 1218
812 1220
813 1214
813 1219
813 1220
814 1215
814 1218
814 1221
815 1216
815 1219
815 1221
816 1217
816 1220
816 1221
817 1222
817 1223
817 1224
818 1222
818 1225
818 1226
819 1223
819 1225
819 1227
820 1224
820 1226
820 1227
821 1222
821 1223
821 1224
822 1222
822 1225
822 1226
823 1223
823 1225
823 1227
824 1224
824 1226
824 1227
825 1222
825 1228
825 1229
826 1223
826 1228
826 1230
827 1224
827 1229
827 1230
828 1222
828 1228
828 1229
829 1223
829 1228
829 1230
830 1224
830 1229
830 1230
831 1225
831 1228
831 1231
832 1226
832 1229
832 1231
833 1225
833 1228
833 1231
834 1226
834 1229
834 1231
835 1227
835 1230
835 1231
836 1227
836 1230
836 1231
837 1222
837 1223
837 1224
838 1222
838 1225
838 1226
839 1223
839 1225
839 1227
840 1224
840 1226
840 1227
841 1222
841 1228
841 1229
842 1223
842 1228
842 1230
843 1224
843 1229
843 1230
844 1225
844 1228
844 1231
845 1226
845 1229
845 1231
846 1227
846 1230
846 1231
847 1232
847 1233
847 1234
847 1235
847 1236
847 1237
847 1238
847 1239
847 1240
847 1241
847 1242
847 1243
848 1232
848 1244
848 1245
848 1246
848 1236
848 1247
848 1248
848 1249
848 1240
848 1250
848 1251
848 1252
849 1233
849 1244
849 1253
849 1254
849 1237
849 1247
849 1255
849 1256
849 1241
849 1250
849 1257
849 1258
850 1234
850 1245
850 1253
850 1259
850 1238
850 1248
850 1255
850 1260
850 1242
850 1251
850 1257
850 1261
851 1235
851 1246
851 1254
851 1259
851 1239
851 1249
851 1256
851 1260
851 1243
851 1252
851 1258
851 1261
852 1232
852 1233
852 1234
852 1235
852 1262
852 1263
852 1264
852 1265
852 1266
852 1267
852 1268
852 1269
853 1232
853 1244
853 1245
853 1246
853 1262
853 1270
853 1271
853 1272
853 1266
853 1273
853 1274
853 1275
854 1233
854 1244
854 1253
854 1254
854 1263
854 1270
854 1276
854 1277
854 1267
854 1273
854 1278
854 1279
855 1234
855 1245
855 1253
855 1259
855 1264
855 1271
855 1276
855 1280
855 1268
855 1274
855 1278
855 1281
856 1235
856 1246
856 1254
856 1259
856 1265
856 1272
856 1277
856 1280
856 1269
856 1275
856 1279
856 1281
857 1236
857 1237
857 1238
857 1239
857 1262
857 1263
857 1264
857 1265
857 1282
857 1283
857 1284
857 1285
858 1236
858 1247
858 1248
858 1249
858 1262
858 1270
858 1271
858 1272
858 1282
858 1286
858 1287
858 1288
859 1237
859 1247
859 1255
859 1256
859 1263
859 1270
859 1276
859 1277
859 1283
859 1286
859 1289
859 1290
860 1238
860 1248
860 1255
860 1260
860 1264
860 1271
860 1276
860 1280
860 1284
860 1287
860 1289
860 1291
861 1239
861 1249
861 1256
861 1260
861 1265
861 1272
861 1277
861 1280
861 1285
861 1288
861 1290
861 1291
862 1240
862 1241
862 1242
862 1243
862 1266
862 1267
862 1268
862 1269
862 1282
862 1283
862 1284
862 1285
863 1240
863 1250
863 1251
863 1252
863 1266
863 1273
863 1274
863 1275
863 1282
863 1286
863 1287
863 1288
864 1241
864 1250
864 1257
864 1258
864 1267
864 1273
864 1278
864 1279
864 1283
864 1286
864 1289
864 1290
865 1242
865 1251
865 1257
865 1261
865 1268
865 1274
865 1278
865 1281
865 1284
865 1287
865 1289
865 1291
866 1243
866 1252
866 1258
866 1261
866 1269
866 1275
866 1279
866 1281
866 1285
866 1288
866 1290
866 1291
897 1292
897 1293
897 1294
897 1295
897 1296
897 1297
898 1292
898 1298
898 1299
898 1295
898 1300
898 1301
899 1293
899 1298
899 1302
899 1296
899 1300
899 1303
900 1294
900 1299
900 1302
900 1297
900 1301
900 1303
901 1292
901 1293
901 1294
901 1304
901 1305
901 1306
902 1292
902 1298
902 1299
902 1304
902 1307
902 1308
903 1293
903 1298
903 1302
903 1305
903 1307
903 1309
904 1294
904 1299
904 1302
904 1306
904 1308
904 1309
905 1295
905 1296
905 1297
905 1304
905 1305
905 1306
906 1295
906 1300
906 1301
906 1304
906 1307
906 1308
907 1296
907 1300
907 1303
907 1305
907 1307
907 1309
908 1297
908 1301
908 1303
908 1306
908 1308
908 1309
909 1292
909 1310
909 1311
909 1295
909 1312
909 1313
910 1293
910 1310
910 1314
910 1296
910 1312
910 1315
911 1294
911 1311
911 1314
911 1297
911 1313
911 1315
912 1292
912 1310
912 1311
912 1304
912 1316
912 1317
913 1293
913 1310
913 1314
913 1305
913 1316
913 1318
914 1294
914 1311
914 1314
914 1306
914 1317
914 1318
915 1295
915 1312
915 1313
915 1304
915 1316
915 1317
916 1296
916 1312
916 1315
916 1305
916 1316
916 1318
917 1297
917 1313
917 1315
917 1306
917 1317
917 1318
918 1298
918 1310
918 1319
918 1300
918 1312
918 1320
919 1299
919 1311
919 1319
919 1301
919 1313
919 1320
920 1298
920 1310
920 1319
920 1307
920 1316
920 1321
921 1299
921 1311
921 1319
921 1308
921 1317
921 1321
922 1300
922 1312
922 1320
922 1307
922 1316
922 1321
923 1301
923 1313
923 1320
923 1308
923 1317
923 1321
924 1302
924 1314
924 1319
924 1303
924 1315
924 1320
925 1302
925 1314
925 1319
925 1309
925 1318
925 1321
926 1303
926 1315
926 1320
926 1309
926 1318
926 1321
927 1292
927 1293
927 1294
927 1322
927 1323
927 1324
928 1292
928 1298
928 1299
928 1322
928 1325
928 1326
929 1293
929 1298
929 1302
929 1323
929 1325
929 1327
930 1294
930 1299
930 1302
930 1324
930 1326
930 1327
931 1295
931 1296
931 1297
931 1322
931 1323
931 1324
932 1295
932 1300
932 1301
932 1322
932 1325
932 1326
933 1296
933 1300
933 1303
933 1323
933 1325
933 1327
934 1297
934 1301
934 1303
934 1324
934 1326
934 1327
935 1292
935 1310
935 1311
935 1322
935 1328
935 1329
936 1293
936 1310
936 1314
936 1323
936 1328
936 1330
937 1294
937 1311
937 1314
937 1324
937 1329
937 1330
938 1295
938 1312
938 1313
938 1322
938 1328
938 1329
939 1296
939 1312
939 1315
939 1323
939 1328
939 1330
940 1297
940 1313
940 1315
940 1324
940 1329
940 1330
941 1298
941 1310
941 1319
941 1325
941 1328
941 1331
942 1299
942 1311
942 1319
942 1326
942 1329
942 1331
943 1300
943 1312
943 1320
943 1325
943 1328
943 1331
944 1301
944 1313
944 1320
944 1326
944 1329
944 1331
945 1302
945 1314
945 1319
945 1327
945 1330
945 1331
946 1303
946 1315
946 1320
946 1327
946 1330
946 1331
947 1304
947 1305
947 1306
947 1322
947 1323
947 1324
948 1304
948 1307
948 1308
948 1322
948 1325
948 1326
949 1305
949 1307
949 1309
949 1323
949 1325
949 1327
950 1306
950 1308
950 1309
950 1324
950 1326
950 1327
951 1304
951 1316
951 1317
951 1322
951 1328
951 1329
952 1305
952 1316
952 1318
952 1323
952 1328
952 1330
953 1306
953 1317
953 1318
953 1324
953 1329
953 1330
954 1307
954 1316
954 1321
954 1325
954 1328
954 1331
955 1308
955 1317
955 1321
955 1326
955 1329
955 1331
956 1309
956 1318
956 1321
956 1327
956 1330
956 1331
997 1332
997 1333
997 1334
997 1335
997 1336
997 1337
998 1332
998 1338
998 1339
998 1335
998 1340
998 1341
999 1333
999 1338
999 1342
999 1336
999 1340
999 1343
1000 1334
1000 1339
1000 1342
1000 1337
1000 1341
1000 1343
1001 1332
1001 1333
1001 1334
1001 1344
1001 1345
1001 1346
1002 1332
1002 1338
1002 1339
1002 1344
1002 1347
1002 1348
1003 1333
1003 1338
1003 1342
1003 1345
1003 1347
1003 1349
1004 1334
1004 1339
1004 1342
1004 1346
1004 1348
1004 1349
1005 1335
1005 1336
1005 1337
1005 1344
1005 1345
1005 1346
1006 1335
1006 1340
1006 1341
1006 1344
1006 1347
1006 1348
1007 1336
1007 1340
1007 1343
1007 1345
1007 1347
1007 1349
1008 1337
1008 1341
1008 1343
1008 1346
1008 1348
1008 1349
1009 1332
1009 1350
1009 1351
1009 1335
1009 1352
1009 1353
1010 1333
1010 1350
1010 1354
1010 1336
1010 1352
1010 1355
1011 1334
1011 1351
1011 1354
1011 1337
1011 1353
1011 1355
1012 1332
1012 1350
1012 1351
1012 1344
1012 1356
1012 1357
1013 1333
1013 1350
1013 1354
1013 1345
1013 1356
1013 1358
1014 1334
1014 1351
1014 1354
1014 1346
1014 1357
1014 1358
1015 1335
1015 1352
1015 1353
1015 1344
1015 1356
1015 1357
1016 1336
1016 1352
1016 1355
1016 1345
1016 1356
1016 1358
1017 1337
1017 1353
1017 1355
1017 1346
1017 1357
1017 1358
1018 1338
1018 1350
1018 1359
1018 1340
1018 1352
1018 1360
1019 1339
1019 1351
1019 1359
1019 1341
1019 1353
1019 1360
1020 1338
1020 1350
1020 1359
1020 1347
1020 1356
1020 1361
1021 1339
1021 1351
1021 1359
1021 1348
1021 1357
1021 1361
1022 1340
1022 1352
1022 1360
1022 1347
1022 1356
1022 1361
1023 1341
1023 1353
1023 1360
1023 1348
1023 1357
1023 1361
1024 1342
1024 1354
1024 1359
1024 1343
1024 1355
1024 1360
1025 1342
1025 1354
1025 1359
1025 1349
1025 1358
1025 1361
1026 1343
1026 1355
1026 1360
1026 1349
1026 1358
1026 1361
1027 1332
1027 1333
1027 1334
1027 1362
1027 1363
1027 1364
1028 1332
1028 1338
1028 1339
1028 1362
1028 1365
1028 1366
1029 1333
1029 1338
1029 1342
1029 1363
1029 1365
1029 1367
1030 1334
1030 1339
1030 1342
1030 1364
1030 1366
1030 1367
1031 1335
1031 1336
1031 1337
1031 1362
1031 1363
1031 1364
1032 1335
1032 1340
1032 1341
1032 1362
1032 1365
1032 1366
1033 1336
1033 1340
1033 1343
1033 1363
1033 1365
1033 1367
1034 1337
1034 1341
1034 1343
1034 1364
1034 1366
1034 1367
1035 1332
1035 1350
1035 1351
1035 1362
1035 1368
1035 1369
1036 1333
1036 1350
1036 1354
1036 1363
1036 1368
1036 1370
1037 1334
1037 1351
1037 1354
1037 1364
1037 1369
1037 1370
1038 1335
1038 1352
1038 1353
1038 1362
1038 1368
1038 1369
1039 1336
1039 1352
1039 1355
1039 1363
1039 1368
1039 1370
1040 1337
1040 1353
1040 1355
1040 1364
1040 1369
1040 1370
1041 1338
1041 1350
1041 1359
1041 1365
1041 1368
1041 1371
1042 1339
1042 1351
1042 1359
1042 1366
1042 1369
1042 1371
1043 1340
1043 1352
1043 1360
1043 1365
1043 1368
1043 1371
1044 1341
1044 1353
1044 1360
1044 1366
1044 1369
1044 1371
1045 1342
1045 1354
1045 1359
1045 1367
1045 1370
1045 1371
1046 1343
1046 1355
1046 1360
1046 1367
1046 1370
1046 1371
1047 1344
1047 1345
1047 1346
1047 1362
1047 1363
1047 1364
1048 1344
1048 1347
1048 1348
1048 1362
1048 1365
1048 1366
1049 1345
1049 1347
1049 1349
1049 1363
1049 1365
1049 1367
1050 1346
1050 1348
1050 1349
1050 1364
1050 1366
1050 1367
1051 1344
1051 1356
1051 1357
1051 1362
1051 1368
1051 1369
1052 1345
1052 1356
1052 1358
1052 1363
1052 1368
1052 1370
1053 1346
1053 1357
1053 1358
1053 1364
1053 1369
1053 1370
1054 1347
1054 1356
1054 1361
1054 1365
1054 1368
1054 1371
1055 1348
1055 1357
1055 1361
1055 1366
1055 1369
1055 1371
1056 1349
1056 1358
1056 1361
1056 1367
1056 1370
1056 1371
1067 1372
1067 1373
1067 1374
1067 1375
1067 1376
1067 1377
1068 1372
1068 1378
1068 1379
1068 1375
1068 1380
1068 1381
1069 1373
1069 1378
1069 1382
1069 1376
1069 1380
1069 1383
1070 1374
1070 1379
1070 1382
1070 1377
1070 1381
1070 1383
1071 1372
1071 1373
1071 1374
1071 1384
1071 1385
1071 1386
1072 1372
1072 1378
1072 1379
1072 1384
1072 1387
1072 1388
1073 1373
1073 1378
1073 1382
1073 1385
1073 1387
1073 1389
1074 1374
1074 1379
1074 1382
1074 1386
1074 1388
1074 1389
1075 1375
1075 1376
1075 1377
1075 1384
1075 1385
1075 1386
1076 1375
1076 1380
1076 1381
1076 1384
1076 1387
1076 1388
1077 1376
1077 1380
1077 1383
1077 1385
1077 1387
1077 1389
1078 1377
1078 1381
1078 1383
1078 1386
1078 1388
1078 1389
1079 1372
1079 1390
1079 1391
1079 1375
1079 1392
1079 1393
1080 1373
1080 1390
1080 1394
1080 1376
1080 1392
1080 1395
1081 1374
1081 1391
1081 1394
1081 1377
1081 1393
1081 1395
1082 1372
1082 1390
1082 1391
1082 1384
1082 1396
1082 1397
1083 1373
1083 1390
1083 1394
1083 1385
1083 1396
1083 1398
1084 1374
1084 1391
1084 1394
1084 1386
1084 1397
1084 1398
1085 1375
1085 1392
1085 1393
1085 1384
1085 1396
1085 1397
1086 1376
1086 1392
1086 1395
1086 1385
1086 1396
1086 1398
1087 1377
1087 1393
1087 1395
1087 1386
1087 1397
1087 1398
1088 1378
1088 1390
1088 1399
1088 1380
1088 1392
1088 1400
1089 1379
1089 1391
1089 1399
1089 1381
1089 1393
1089 1400
1090 1378
1090 1390
1090 1399
1090 1387
1090 1396
1090 1401
1091 1379
1091 1391
1091 1399
1091 1388
1091 1397
1091 1401
1092 1380
1092 1392
1092 1400
1092 1387
1092 1396
1092 1401
1093 1381
1093 1393
1093 1400
1093 1388
1093 1397
1093 1401
1094 1382
1094 1394
1094 1399
1094 1383
1094 1395
1094 1400
1095 1382
1095 1394
1095 1399
1095 1389
1095 1398
1095 1401
1096 1383
1096 1395
1096 1400
1096 1389
1096 1398
1096 1401
1097 1372
1097 1373
1097 1374
1097 1402
1097 1403
1097 1404
1098 1372
1098 1378
1098 1379
1098 1402
1098 1405
1098 1406
1099 1373
1099 1378
1099 1382
1099 1403
1099 1405
1099 1407
1100 1374
1100 1379
1100 1382
1100 1404
1100 1406
1100 1407
1101 1375
1101 1376
1101 1377
1101 1402
1101 1403
1101 1404
1102 1375
1102 1380
1102 1381
1102 1402
1102 1405
1102 1406
1103 1376
1103 1380
1103 1383
1103 1403
1103 1405
1103 1407
1104 1377
1104 1381
1104 1383
1104 1404
1104 1406
1104 1407
1105 1372
1105 1390
1105 1391
1105 1402
1105 1408
1105 1409
1106 1373
1106 1390
1106 1394
1106 1403
1106 1408
1106 1410
1107 1374
1107 1391
1107 1394
1107 1404
1107 1409
1107 1410
1108 1375
1108 1392
1108 1393
1108 1402
1108 1408
1108 1409
1109 1376
1109 1392
1109 1395
1109 1403
1109 1408
1109 1410
1110 1377
1110 1393
1110 1395
1110 1404
1110 1409
1110 1410
1111 1378
1111 1390
1111 1399
1111 1405
1111 1408
1111 1411
1112 1379
1112 1391
1112 1399
1112 1406
1112 1409
1112 1411
1113 1380
1113 1392
1113 1400
1113 1405
1113 1408
1113 1411
1114 1381
1114 1393
1114 1400
1114 1406
1114 1409
1114 1411
1115 1382
1115 1394
1115 1399
1115 1407
1115 1410
1115 1411
1116 1383
1116 1395
1116 1400
1116 1407
1116 1410
1116 1411
1117 1384
1117 1385
1117 1386
1117 1402
1117 1403
1117 1404
1118 1384
1118 1387
1118 1388
1118 1402
1118 1405
1118 1406
1119 1385
1119 1387
1119 1389
1119 1403
1119 1405
1119 1407
1120 1386
1120 1388
1120 1389
1120 1404
1120 1406
1120 1407
1121 1384
1121 1396
1121 1397
1121 1402
1121 1408
1121 1409
1122 1385
1122 1396
1122 1398
1122 1403
1122 1408
1122 1410
1123 1386
1123 1397
1123 1398
1123 1404
1123 1409
1123 1410
1124 1387
1124 1396
1124 1401
1124 1405
1124 1408
1124 1411
1125 1388
1125 1397
1125 1401
1125 1406
1125 1409
1125 1411
1126 1389
1126 1398
1126 1401
1126 1407
1126 1410
1126 1411
1127 1412
1127 1413
1127 1414
1127 1415
1127 1416
1127 1417
1128 1412
1128 1418
1128 1419
1128 1415
1128 1420
1128 1421
1129 1413
1129 1418
1129 1422
1129 1416
1129 1420
1129 1423
1130 1414
1130 1419
1130 1422
1130 1417
1130 1421
1130 1423
1131 1412
1131 1413
1131 1414
1131 1424
1131 1425
1131 1426
1132 1412
1132 1418
1132 1419
1132 1424
1132 1427
1132 1428
1133 1413
1133 1418
1133 1422
1133 1425
1133 1427
1133 1429
1134 1414
1134 1419
1134 1422
1134 1426
1134 1428
1134 1429
1135 1415
1135 1416
1135 1417
1135 1424
1135 1425
1135 1426
1136 1415
1136 1420
1136 1421
1136 1424
1136 1427
1136 1428
1137 1416
1137 1420
1137 1423
1137 1425
1137 1427
1137 1429
1138 1417
1138 1421
1138 1423
1138 1426
1138 1428
1138 1429
1139 1412
1139 1430
1139 1431
1139 1415
1139 1432
1139 1433
1140 1413
1140 1430
1140 1434
1140 1416
1140 1432
1140 1435
1141 1414
1141 1431
1141 1434
1141 1417
1141 1433
1141 1435
1142 1412
1142 1430
1142 1431
1142 1424
1142 1436
1142 1437
1143 1413
1143 1430
1143 1434
1143 1425
1143 1436
1143 1438
1144 1414
1144 1431
1144 1434
1144 1426
1144 1437
1144 1438
1145 1415
1145 1432
1145 1433
1145 1424
1145 1436
1145 1437
1146 1416
1146 1432
1146 1435
1146 1425
1146 1436
1146 1438
1147 1417
1147 1433
1147 1435
1147 1426
1147 1437
1147 1438
1148 1418
1148 1430
1148 1439
1148 1420
1148 1432
1148 1440
1149 1419
1149 1431
1149 1439
1149 1421
1149 1433
1149 1440
1150 1418
1150 1430
1150 1439
1150 1427
1150 1436
1150 1441
1151 1419
1151 1431
1151 1439
1151 1428
1151 1437
1151 1441
1152 1420
1152 1432
1152 1440
1152 1427
1152 1436
1152 1441
1153 1421
1153 1433
1153 1440
1153 1428
1153 1437
1153 1441
1154 1422
1154 1434
1154 1439
1154 1423
1154 1435
1154 1440
1155 1422
1155 1434
1155 1439
1155 1429
1155 1438
1155 1441
1156 1423
1156 1435
1156 1440
1156 1429
1156 1438
1156 1441
1157 1412
1157 1413
1157 1414
1157 1442
1157 1443
1157 1444
1158 1412
1158 1418
1158 1419
1158 1442
1158 1445
1158 1446
1159 1413
1159 1418
1159 1422
1159 1443
1159 1445
1159 1447
1160 1414
1160 1419
1160 1422
1160 1444
1160 1446
1160 1447
1161 1415
1161 1416
1161 1417
1161 1442
1161 1443
1161 1444
1162 1415
1162 1420
1162 1421
1162 1442
1162 1445
1162 1446
1163 1416
1163 1420
1163 1423
1163 1443
1163 1445
1163 1447
1164 1417
1164 1421
1164 1423
1164 1444
1164 1446
1164 1447
1165 1412
1165 1430
1165 1431
1165 1442
1165 1448
1165 1449
1166 1413
1166 1430
1166 1434
1166 1443
1166 1448
1166 1450
1167 1414
1167 1431
1167 1434
1167 1444
1167 1449
1167 1450
1168 1415
1168 1432
1168 1433
1168 1442
1168 1448
1168 1449
1169 1416
1169 1432
1169 1435
1169 1443
1169 1448
1169 1450
1170 1417
1170 1433
1170 1435
1170 1444
1170 1449
1170 1450
1171 1418
1171 1430
1171 1439
1171 1445
1171 1448
1171 1451
1172 1419
1172 1431
1172 1439
1172 1446
1172 1449
1172 1451
1173 1420
1173 1432
1173 1440
1173 1445
1173 1448
1173 1451
1174 1421
1174 1433
1174 1440
1174 1446
1174 1449
1174 1451
1175 1422
1175 1434
1175 1439
1175 1447
1175 1450
1175 1451
1176 1423
1176 1435
1176 1440
1176 1447
1176 1450
1176 1451
1177 1424
1177 1425
1177 1426
1177 1442
1177 1443
1177 1444
1178 1424
1178 1427
1178 1428
1178 1442
1178 1445
1178 1446
1179 1425
1179 1427
1179 1429
1179 1443
1179 1445
1179 1447
1180 1426
1180 1428
1180 1429
1180 1444
1180 1446
1180 1447
1181 1424
1181 1436
1181 1437
1181 1442
1181 1448
1181 1449
1182 1425
1182 1436
1182 1438
1182 1443
1182 1448
1182 1450
1183 1426
1183 1437
1183 1438
1183 1444
1183 1449
1183 1450
1184 1427
1184 1436
1184 1441
1184 1445
1184 1448
1184 1451
1185 1428
1185 1437
1185 1441
1185 1446
1185 1449
1185 1451
1186 1429
1186 1438
1186 1441
1186 1447
1186 1450
1186 1451
1187 1452
1187 1453
1187 1454
1187 1455
1187 1456
1187 1457
1187 1458
1187 1459
1187 1460
1187 1461
1187 1462
1187 1463
1187 1464
1187 1465
1187 1466
1187 1467
1188 1452
1188 1468
1188 1469
1188 1470
1188 1456
1188 1471
1188 1472
1188 1473
1188 1460
1188 1474
1188 1475
1188 1476
1188 1464
1188 1477
1188 1478
1188 1479
1189 1453
1189 1468
1189 1480
1189 1481
1189 1457
1189 1471
1189 1482
1189 1483
1189 1461
1189 1474
1189 1484
1189 1485
1189 1465
1189 1477
1189 1486
1189 1487
1190 1454
1190 1469
1190 1480
1190 1488
1190 1458
1190 1472
1190 1482
1190 1489
1190 1462
1190 1475
1190 1484
1190 1490
1190 1466
1190 1478
1190 1486
1190 1491
1191 1455
1191 1470
1191 1481
1191 1488
1191 1459
1191 1473
1191 1483
1191 1489
1191 1463
1191 1476
1191 1485
1191 1490
1191 1467
1191 1479
1191 1487
1191 1491
1192 1452
1192 1453
1192 1454
1192 1455
1192 1492
1192 1493
1192 1494
1192 1495
1192 1496
1192 1497
1192 1498
1192 1499
1192 1500
1192 1501
1192 1502
1192 1503
1193 1452
1193 1468
1193 1469
1193 1470
1193 1492
1193 1504
1193 1505
1193 1506
1193 1496
1193 1507
1193 1508
1193 1509
1193 1500
1193 1510
1193 1511
1193 1512
1194 1453
1194 1468
1194 1480
1194 1481
1194 1493
1194 1504
1194 1513
1194 1514
1194 1497
1194 1507
1194 1515
1194 1516
1194 1501
1194 1510
1194 1517
1194 1518
1195 1454
1195 1469
1195 1480
1195 1488
1195 1494
1195 1505
1195 1513
1195 1519
1195 1498
1195 1508
1195 1515
1195 1520
1195 1502
1195 1511
1195 1517
1195 1521
1196 1455
1196 1470
1196 1481
1196 1488
1196 1495
1196 1506
1196 1514
1196 1519
1196 1499
1196 1509
1196 1516
1196 1520
1196 1503
1196 1512
1196 1518
1196 1521
1197 1456
1197 1457
1197 1458
1197 1459
1197 1492
1197 1493
1197 1494
1197 1495
1197 1522
1197 1523
1197 1524
1197 1525
1197 1526
1197 1527
1197 1528
1197 1529
1198 1456
1198 1471
1198 1472
1198 1473
1198 1492
1198 1504
1198 1505
1198 1506
1198 1522
1198 1530
1198 1531
1198 1532
1198 1526
1198 1533
1198 1534
1198 1535
1199 1457
1199 1471
1199 1482
1199 1483
1199 1493
1199 1504
1199 1513
1199 1514
1199 1523
1199 1530
1199 1536
1199 1537
1199 1527
1199 1533
1199 1538
1199 1539
1200 1458
1200 1472
1200 1482
1200 1489
1200 1494
1200 1505
1200 1513
1200 1519
1200 1524
1200 1531
1200 1536
1200 1540
1200 1528
1200 1534
1200 1538
1200 1541
1201 1459
1201 1473
1201 1483
1201 1489
1201 1495
1201 1506
1201 1514
1201 1519
1201 1525
1201 1532
1201 1537
1201 1540
1201 1529
1201 1535
1201 1539
1201 1541
1202 1460
1202 1461
1202 1462
1202 1463
1202 1496
1202 1497
1202 1498
1202 1499
1202 1522
1202 1523
1202 1524
1202 1525
1202 1542
1202 1543
1202 1544
1202 1545
1203 1460
1203 1474
1203 1475
1203 1476
1203 1496
1203 1507
1203 1508
1203 1509
1203 1522
1203 1530
1203 1531
1203 1532
1203 1542
1203 1546
1203 1547
1203 1548
1204 1461
1204 1474
1204 1484
1204 1485
1204 1497
1204 1507
1204 1515
1204 1516
1204 1523
1204 1530
1204 1536
1204 1537
1204 1543
1204 1546
1204 1549
1204 1550
1205 1462
1205 1475
1205 1484
1205 1490
1205 1498
1205 1508
1205 1515
1205 1520
1205 1524
1205 1531
1205 1536
1205 1540
1205 1544
1205 1547
1205 1549
1205 1551
1206 1463
1206 1476
1206 1485
1206 1490
1206 1499
1206 1509
1206 1516
1206 1520
1206 1525
1206 1532
1206 1537
1206 1540
1206 1545
1206 1548
1206 1550
1206 1551
1207 1464
1207 1465
1207 1466
1207 1467
1207 1500
1207 1501
1207 1502
1207 1503
1207 1526
1207 1527
1207 1528
1207 1529
1207 1542
1207 1543
1207 1544
1207 1545
1208 1464
1208 1477
1208 1478
1208 1479
1208 1500
1208 1510
1208 1511
1208 1512
1208 1526
1208 1533
1208 1534
1208 1535
1208 1542
1208 1546
1208 1547
1208 1548
1209 1465
1209 1477
1209 1486
1209 1487
1209 1501
1209 1510
1209 1517
1209 1518
1209 1527
1209 1533
1209 1538
1209 1539
1209 1543
1209 1546
1209 1549
1209 1550
1210 1466
1210 1478
1210 1486
1210 1491
1210 1502
1210 1511
1210 1517
1210 1521
1210 1528
1210 1534
1210 1538
1210 1541
1210 1544
1210 1547
1210 1549
1210 1551
1211 1467
1211 1479
1211 1487
1211 1491
1211 1503
1211 1512
1211 1518
1211 1521
1211 1529
1211 1535
1211 1539
1211 1541
1211 1545
1211 1548
1211 1550
1211 1551
1232 1552
1232 1553
1232 1554
1232 1555
1232 1556
1232 1557
1233 1552
1233 1558
1233 1559
1233 1555
1233 1560
1233 1561
1234 1553
1234 1558
1234 1562
1234 1556
1234 1560
1234 1563
1235 1554
1235 1559
1235 1562
1235 1557
1235 1561
1235 1563
1236 1552
1236 1553
1236 1554
1236 1564
1236 1565
1236 1566
1237 1552
1237 1558
1237 1559
1237 1564
1237 1567
1237 1568
1238 1553
1238 1558
1238 1562
1238 1565
1238 1567
1238 1569
1239 1554
1239 1559
1239 1562
1239 1566
1239 1568
1239 1569
1240 1555
1240 1556
1240 1557
1240 1564
1240 1565
1240 1566
1241 1555
1241 1560
1241 1561
1241 1564
1241 1567
1241 1568
1242 1556
1242 1560
1242 1563
1242 1565
1242 1567
1242 1569
1243 1557
1243 1561
1243 1563
1243 1566
1243 1568
1243 1569
1244 1552
1244 1570
1244 1571
1244 1555
1244 1572
1244 1573
1245 1553
1245 1570
1245 1574
1245 1556
1245 1572
1245 1575
1246 1554
1246 1571
1246 1574
1246 1557
1246 1573
1246 1575
1247 1552
1247 1570
1247 1571
1247 1564
1247 1576
1247 1577
1248 1553
1248 1570
1248 1574
1248 1565
1248 1576
1248 1578
1249 1554
1249 1571
1249 1574
1249 1566
1249 1577
1249 1578
1250 1555
1250 1572
1250 1573
1250 1564
1250 1576
1250 1577
1251 1556
1251 1572
1251 1575
1251 1565
1251 1576
1251 1578
1252 1557
1252 1573
1252 1575
1252 1566
1252 1577
1252 1578
1253 1558
1253 1570
1253 1579
1253 1560
1253 1572
1253 1580
1254 1559
1254 1571
1254 1579
1254 1561
1254 1573
1254 1580
1255 1558
1255 1570
1255 1579
1255 1567
1255 1576
1255 1581
1256 1559
1256 1571
1256 1579
1256 1568
1256 1577
1256 1581
1257 1560
1257 1572
1257 1580
1257 1567
1257 1576
1257 1581
1258 1561
1258 1573
1258 1580
1258 1568
1258 1577
1258 1581
1259 1562
1259 1574
1259 1579
1259 1563
1259 1575
1259 1580
1260 1562
1260 1574
1260 1579
1260 1569
1260 1578
1260 1581
1261 1563
1261 1575
1261 1580
1261 1569
1261 1578
1261 1581
1262 1552
1262 1553
1262 1554
1262 1582
1262 1583
1262 1584
1263 1552
1263 1558
1263 1559
1263 1582
1263 1585
1263 1586
1264 1553
1264 1558
1264 1562
1264 1583
1264 1585
1264 1587
1265 1554
1265 1559
1265 1562
1265 1584
1265 1586
1265 1587
1266 1555
1266 1556
1266 1557
1266 1582
1266 1583
1266 1584
1267 1555
1267 1560
1267 1561
1267 1582
1267 1585
1267 1586
1268 1556
1268 1560
1268 1563
1268 1583
1268 1585
1268 1587
1269 1557
1269 1561
1269 1563
1269 1584
1269 1586
1269 1587
1270 1552
1270 1570
1270 1571
1270 1582
1270 1588
1270 1589
1271 1553
1271 1570
1271 1574
1271 1583
1271 1588
1271 1590
1272 1554
1272 1571
1272 1574
1272 1584
1272 1589
1272 1590
1273 1555
1273 1572
1273 1573
1273 1582
1273 1588
1273 1589
1274 1556
1274 1572
1274 1575
1274 1583
1274 1588
1274 1590
1275 1557
1275 1573
1275 1575
1275 1584
1275 1589
1275 1590
1276 1558
1276 1570
1276 1579
1276 1585
1276 1588
1276 1591
1277 1559
1277 1571
1277 1579
1277 1586
1277 1589
1277 1591
1278 1560
1278 1572
1278 1580
1278 1585
1278 1588
1278 1591
1279 1561
1279 1573
1279 1580
1279 1586
1279 1589
1279 1591
1280 1562
1280 1574
1280 1579
1280 1587
1280 1590
1280 1591
1281 1563
1281 1575
1281 1580
1281 1587
1281 1590
1281 1591
1282 1564
1282 1565
1282 1566
1282 1582
1282 1583
1282 1584
1283 1564
1283 1567
1283 1568
1283 1582
1283 1585
1283 1586
1284 1565
1284 1567
1284 1569
1284 1583
1284 1585
1284 1587
1285 1566
1285 1568
1285 1569
1285 1584
1285 1586
1285 1587
1286 1564
1286 1576
1286 1577
1286 1582
1286 1588
1286 1589
1287 1565
1287 1576
1287 1578
1287 1583
1287 1588
1287 1590
1288 1566
1288 1577
1288 1578
1288 1584
1288 1589
1288 1590
1289 1567
1289 1576
1289 1581
1289 1585
1289 1588
1289 1591
1290 1568
1290 1577
1290 1581
1290 1586
1290 1589
1290 1591
1291 1569
1291 1578
1291 1581
1291 1587
1291 1590
1291 1591
1292 1592
1292 1593
1293 1592
1293 1594
1294 1593
1294 1594
1295 1592
1295 1593
1296 1592
1296 1594
1297 1593
1297 1594
1298 1592
1298 1595
1299 1593
1299 1595
1300 1592
1300 1595
1301 1593
1301 1595
1302 1594
1302 1595
1303 1594
1303 1595
1304 1592
1304 1593
1305 1592
1305 1594
1306 1593
1306 1594
1307 1592
1307 1595
1308 1593
1308 1595
1309 1594
1309 1595
1310 1592
1310 1596
1311 1593
1311 1596
1312 1592
1312 1596
1313 1593
1313 1596
1314 1594
1314 1596
1315 1594
1315 1596
1316 1592
1316 1596
1317 1593
1317 1596
1318 1594
1318 1596
1319 1595
1319 1596
1320 1595
1320 1596
1321 1595
1321 1596
1322 1592
1322 1593
1323 1592
1323 1594
1324 1593
1324 1594
1325 1592
1325 1595
1326 1593
1326 1595
1327 1594
1327 1595
1328 1592
1328 1596
1329 1593
1329 1596
1330 1594
1330 1596
1331 1595
1331 1596
1332 1597
1332 1598
1333 1597
1333 1599
1334 1598
1334 1599
1335 1597
1335 1598
1336 1597
1336 1599
1337 1598
1337 1599
1338 1597
1338 1600
1339 1598
1339 1600
1340 1597
1340 1600
1341 1598
1341 1600
1342 1599
1342 1600
1343 1599
1343 1600
1344 1597
1344 1598
1345 1597
1345 1599
1346 1598
1346 1599
1347 1597
1347 1600
1348 1598
1348 1600
1349 1599
1349 1600
1350 1597
1350 1601
1351 1598
1351 1601
1352 1597
1352 1601
1353 1598
1353 1601
1354 1599
1354 1601
1355 1599
1355 1601
1356 1597
1356 1601
1357 1598
1357 1601
1358 1599
1358 1601
1359 1600
1359 1601
1360 1600
1360 1601
1361 1600
1361 1601
1362 1597
1362 1598
1363 1597
1363 1599
1364 1598
1364 1599
1365 1597
1365 1600
1366 1598
1366 1600
1367 1599
1367 1600
1368 1597
1368 1601
1369 1598
1369 1601
1370 1599
1370 1601
1371 1600
1371 1601
1372 1602
1372 1603
1373 1602
1373 1604
1374 1603
1374 1604
1375 1602
1375 1603
1376 1602
1376 1604
1377 1603
1377 1604
1378 1602
1378 1605
1379 1603
1379 1605
1380 1602
1380 1605
1381 1603
1381 1605
1382 1604
1382 1605
1383 1604
1383 1605
1384 1602
1384 1603
1385 1602
1385 1604
1386 1603
1386 1604
1387 1602
1387 1605
1388 1603
1388 1605
1389 1604
1389 1605
1390 1602
1390 1606
1391 1603
1391 1606
1392 1602
1392 1606
1393 1603
1393 1606
1394 1604
1394 1606
1395 1604
1395 1606
1396 1602
1396 1606
1397 1603
1397 1606
1398 1604
1398 1606
1399 1605
1399 1606
1400 1605
1400 1606
1401 1605
1401 1606
1402 1602
1402 1603
1403 1602
1403 1604
1404 1603
1404 1604
1405 1602
1405 1605
1406 1603
1406 1605
1407 1604
1407 1605
1408 1602
1408 1606
1409 1603
1409 1606
1410 1604
1410 1606
1411 1605
1411 1606
1412 1607
1412 1608
1413 1607
1413 1609
1414 1608
1414 1609
1415 1607
1415 1608
1416 1607
1416 1609
1417 1608
1417 1609
1418 1607
1418 1610
1419 1608
1419 1610
1420 1607
1420 1610
1421 1608
1421 1610
1422 1609
1422 1610
1423 1609
1423 1610
1424 1607
1424 1608
1425 1607
1425 1609
1426 1608
1426 1609
1427 1607
1427 1610
1428 1608
1428 1610
1429 1609
1429 1610
1430 1607
1430 1611
1431 1608
1431 1611
1432 1607
1432 1611
1433 1608
1433 1611
1434 1609
1434 1611
1435 1609
1435 1611
1436 1607
1436 1611
1437 1608
1437 1611
1438 1609
1438 1611
1439 1610
1439 1611
1440 1610
1440 1611
1441 1610
1441 1611
1442 1607
1442 1608
1443 1607
1443 1609
1444 1608
1444 1609
1445 1607
1445 1610
1446 1608
1446 1610
1447 1609
1447 1610
1448 1607
1448 1611
1449 1608
1449 1611
1450 1609
1450 1611
1451 1610
1451 1611
1452 1612
1452 1613
1452 1614
1452 1615
1452 1616
1452 1617
1452 1618
1452 1619
1452 1620
1453 1612
1453 1621
1453 1622
1453 1615
1453 1623
1453 1624
1453 1618
1453 1625
1453 1626
1454 1613
1454 1621
1454 1627
1454 1616
1454 1623
1454 1628
1454 1619
1454 1625
1454 1629
1455 1614
1455 1622
1455 1627
1455 1617
1455 1624
1455 1628
1455 1620
1455 1626
1455 1629
1456 1612
1456 1613
1456 1614
1456 1630
1456 1631
1456 1632
1456 1633
1456 1634
1456 1635
1457 1612
1457 1621
1457 1622
1457 1630
1457 1636
1457 1637
1457 1633
1457 1638
1457 1639
1458 1613
1458 1621
1458 1627
1458 1631
1458 1636
1458 1640
1458 1634
1458 1638
1458 1641
1459 1614
1459 1622
1459 1627
1459 1632
1459 1637
1459 1640
1459 1635
1459 1639
1459 1641
1460 1615
1460 1616
1460 1617
1460 1630
1460 1631
1460 1632
1460 1642
1460 1643
1460 1644
1461 1615
1461 1623
1461 1624
1461 1630
1461 1636
1461 1637
1461 1642
1461 1645
1461 1646
1462 1616
1462 1623
1462 1628
1462 1631
1462 1636
1462 1640
1462 1643
1462 1645
1462 1647
1463 1617
1463 1624
1463 1628
1463 1632
1463 1637
1463 1640
1463 1644
1463 1646
1463 1647
1464 1618
1464 1619
1464 1620
1464 1633
1464 1634
1464 1635
1464 1642
1464 1643
1464 1644
1465 1618
1465 1625
1465 1626
1465 1633
1465 1638
1465 1639
1465 1642
1465 1645
1465 1646
1466 1619
1466 1625
1466 1629
1466 1634
1466 1638
1466 1641
1466 1643
1466 1645
1466 1647
1467 1620
1467 1626
1467 1629
1467 1635
1467 1639
1467 1641
1467 1644
1467 1646
1467 1647
1468 1612
1468 1648
1468 1649
1468 1615
1468 1650
1468 1651
1468 1618
1468 1652
1468 1653
1469 1613
1469 1648
1469 1654
1469 1616
1469 1650
1469 1655
1469 1619
1469 1652
1469 1656
1470 1614
1470 1649
1470 1654
1470 1617
1470 1651
1470 1655
1470 1620
1470 1653
1470 1656
1471 1612
1471 1648
1471 1649
1471 1630
1471 1657
1471 1658
1471 1633
1471 1659
1471 1660
1472 1613
1472 1648
1472 1654
1472 1631
1472 1657
1472 1661
1472 1634
1472 1659
1472 1662
1473 1614
1473 1649
1473 1654
1473 1632
1473 1658
1473 1661
1473 1635
1473 1660
1473 1662
1474 1615
1474 1650
1474 1651
1474 1630
1474 1657
1474 1658
1474 1642
1474 1663
1474 1664
1475 1616
1475 1650
1475 1655
1475 1631
1475 1657
1475 1661
1475 1643
1475 1663
1475 1665
1476 1617
1476 1651
1476 1655
1476 1632
1476 1658
1476 1661
1476 1644
1476 1664
1476 1665
1477 1618
1477 1652
1477 1653
1477 1633
1477 1659
1477 1660
1477 1642
1477 1663
1477 1664
1478 1619
1478 1652
1478 1656
1478 1634
1478 1659
1478 1662
1478 1643
1478 1663
1478 1665
1479 1620
1479 1653
1479 1656
1479 1635
1479 1660
1479 1662
1479 1644
1479 1664
1479 1665
1480 1621
1480 1648
1480 1666
1480 1623
1480 1650
1480 1667
1480 1625
1480 1652
1480 1668
1481 1622
1481 1649
1481 1666
1481 1624
1481 1651
1481 1667
1481 1626
1481 1653
1481 1668
1482 1621
1482 1648
1482 1666
1482 1636
1482 1657
1482 1669
1482 1638
1482 1659
1482 1670
1483 1622
1483 1649
1483 1666
1483 1637
1483 1658
1483 1669
1483 1639
1483 1660
1483 1670
1484 1623
1484 1650
1484 1667
1484 1636
1484 1657
1484 1669
1484 1645
1484 1663
1484 1671
1485 1624
1485 1651
1485 1667
1485 1637
1485 1658
1485 1669
1485 1646
1485 1664
1485 1671
1486 1625
1486 1652
1486 1668
1486 1638
1486 1659
1486 1670
1486 1645
1486 1663
1486 1671
1487 1626
1487 1653
1487 1668
1487 1639
1487 1660
1487 1670
1487 1646
1487 1664
1487 1671
1488 1627
1488 1654
1488 1666
1488 1628
1488 1655
1488 1667
1488 1629
1488 1656
1488 1668
1489 1627
1489 1654
1489 1666
1489 1640
1489 1661
1489 1669
1489 1641
1489 1662
1489 1670
1490 1628
1490 1655
1490 1667
1490 1640
1490 1661
1490 1669
1490 1647
1490 1665
1490 1671
1491 1629
1491 1656
1491 1668
1491 1641
1491 1662
1491 1670
1491 1647
1491 1665
1491 1671
1492 1612
1492 1613
1492 1614
1492 1672
1492 1673
1492 1674
1492 1675
1492 1676
1492 1677
1493 1612
1493 1621
1493 1622
1493 1672
1493 1678
1493 1679
1493 1675
1493 1680
1493 1681
1494 1613
1494 1621
1494 1627
1494 1673
1494 1678
1494 1682
1494 1676
1494 1680
1494 1683
1495 1614
1495 1622
1495 1627
1495 1674
1495 1679
1495 1682
1495 1677
1495 1681
1495 1683
1496 1615
1496 1616
1496 1617
1496 1672
1496 1673
1496 1674
1496 1684
1496 1685
1496 1686
1497 1615
1497 1623
1497 1624
1497 1672
1497 1678
1497 1679
1497 1684
1497 1687
1497 1688
1498 1616
1498 1623
1498 1628
1498 1673
1498 1678
1498 1682
1498 1685
1498 1687
1498 1689
1499 1617
1499 1624
1499 1628
1499 1674
1499 1679
1499 1682
1499 1686
1499 1688
1499 1689
1500 1618
1500 1619
1500 1620
1500 1675
1500 1676
1500 1677
1500 1684
1500 1685
1500 1686
1501 1618
1501 1625
1501 1626
1501 1675
1501 1680
1501 1681
1501 1684
1501 1687
1501 1688
1502 1619
1502 1625
1502 1629
1502 1676
1502 1680
1502 1683
1502 1685
1502 1687
1502 1689
1503 1620
1503 1626
1503 1629
1503 1677
1503 1681
1503 1683
1503 1686
1503 1688
1503 1689
1504 1612
1504 1648
1504 1649
1504 1672
1504 1690
1504 1691
1504 1675
1504 1692
1504 1693
1505 1613
1505 1648
1505 1654
1505 1673
1505 1690
1505 1694
1505 1676
1505 1692
1505 1695
1506 1614
1506 1649
1506 1654
1506 1674
1506 1691
1506 1694
1506 1677
1506 1693
1506 1695
1507 1615
1507 1650
1507 1651
1507 1672
1507 1690
1507 1691
1507 1684
1507 1696
1507 1697
1508 1616
1508 1650
1508 1655
1508 1673
1508 1690
1508 1694
1508 1685
1508 1696
1508 1698
1509 1617
1509 1651
1509 1655
1509 1674
1509 1691
1509 1694
1509 1686
1509 1697
1509 1698
1510 1618
1510 1652
1510 1653
1510 1675
1510 1692
1510 1693
1510 1684
1510 1696
1510 1697
1511 1619
1511 1652
1511 1656
1511 1676
1511 1692
1511 1695
1511 1685
1511 1696
1511 1698
1512 1620
1512 1653
1512 1656
1512 1677
1512 1693
1512 1695
1512 1686
1512 1697
1512 1698
1513 1621
1513 1648
1513 1666
1513 1678
1513 1690
1513 1699
1513 1680
1513 1692
1513 1700
1514 1622
1514 1649
1514 1666
1514 1679
1514 1691
1514 1699
1514 1681
1514 1693
1514 1700
1515 1623
1515 1650
1515 1667
1515 1678
1515 1690
1515 1699
1515 1687
1515 1696
1515 1701
1516 1624
1516 1651
1516 1667
1516 1679
1516 1691
1516 1699
1516 1688
1516 1697
1516 1701
1517 1625
1517 1652
1517 1668
1517 1680
1517 1692
1517 1700
1517 1687
1517 1696
1517 1701
1518 1626
1518 1653
1518 1668
1518 1681
1518 1693
1518 1700
1518 1688
1518 1697
1518 1701
1519 1627
1519 1654
1519 1666
1519 1682
1519 1694
1519 1699
1519 1683
1519 1695
1519 1700
1520 1628
1520 1655
1520 1667
1520 1682
1520 1694
1520 1699
1520 1689
1520 1698
1520 1701
1521 1629
1521 1656
1521 1668
1521 1683
1521 1695
1521 1700
1521 1689
1521 1698
1521 1701
1522 1630
1522 1631
1522 1632
1522 1672
1522 1673
1522 1674
1522 1702
1522 1703
1522 1704
1523 1630
1523 1636
1523 1637
1523 1672
1523 1678
1523 1679
1523 1702
1523 1705
1523 1706
1524 1631
1524 1636
1524 1640
1524 1673
1524 1678
1524 1682
1524 1703
1524 1705
1524 1707
1525 1632
1525 1637
1525 1640
1525 1674
1525 1679
1525 1682
1525 1704
1525 1706
1525 1707
1526 1633
1526 1634
1526 1635
1526 1675
1526 1676
1526 1677
1526 1702
1526 1703
1526 1704
1527 1633
1527 1638
1527 1639
1527 1675
1527 1680
1527 1681
1527 1702
1527 1705
1527 1706
1528 1634
1528 1638
1528 1641
1528 1676
1528 1680
1528 1683
1528 1703
1528 1705
1528 1707
1529 1635
1529 1639
1529 1641
1529 1677
1529 1681
1529 1683
1529 1704
1529 1706
1529 1707
1530 1630
1530 1657
1530 1658
1530 1672
1530 1690
1530 1691
1530 1702
1530 1708
1530 1709
1531 1631
1531 1657
1531 1661
1531 1673
1531 1690
1531 1694
1531 1703
1531 1708
1531 1710
1532 1632
1532 1658
1532 1661
1532 1674
1532 1691
1532 1694
1532 1704
1532 1709
1532 1710
1533 1633
1533 1659
1533 1660
1533 1675
1533 1692
1533 1693
1533 1702
1533 1708
1533 1709
1534 1634
1534 1659
1534 1662
1534 1676
1534 1692
1534 1695
1534 1703
1534 1708
1534 1710
1535 1635
1535 1660
1535 1662
1535 1677
1535 1693
1535 1695
1535 1704
1535 1709
1535 1710
1536 1636
1536 1657
1536 1669
1536 1678
1536 1690
1536 1699
1536 1705
1536 1708
1536 1711
1537 1637
1537 1658
1537 1669
1537 1679
1537 1691
1537 1699
1537 1706
1537 1709
1537 1711
1538 1638
1538 1659
1538 1670
1538 1680
1538 1692
1538 1700
1538 1705
1538 1708
1538 1711
1539 1639
1539 1660
1539 1670
1539 1681
1539 1693
1539 1700
1539 1706
1539 1709
1539 1711
1540 1640
1540 1661
1540 1669
1540 1682
1540 1694
1540 1699
1540 1707
1540 1710
1540 1711
1541 1641
1541 1662
1541 1670
1541 1683
1541 1695
1541 1700
1541 1707
1541 1710
1541 1711
1542 1642
1542 1643
1542 1644
1542 1684
1542 1685
1542 1686
1542 1702
1542 1703
1542 1704
1543 1642
1543 1645
1543 1646
1543 1684
1543 1687
1543 1688
1543 1702
1543 1705
1543 1706
1544 1643
1544 1645
1544 1647
1544 1685
1544 1687
1544 1689
1544 1703
1544 1705
1544 1707
1545 1644
1545 1646
1545 1647
1545 1686
1545 1688
1545 1689
1545 1704
1545 1706
1545 1707
1546 1642
1546 1663
1546 1664
1546 1684
1546 1696
1546 1697
1546 1702
1546 1708
1546 1709
1547 1643
1547 1663
1547 1665
1547 1685
1547 1696
1547 1698
1547 1703
1547 1708
1547 1710
1548 1644
1548 1664
1548 1665
1548 1686
1548 1697
1548 1698
1548 1704
1548 1709
1548 1710
1549 1645
1549 1663
1549 1671
1549 1687
1549 1696
1549 1701
1549 1705
1549 1708
1549 1711
1550 1646
1550 1664
1550 1671
1550 1688
1550 1697
1550 1701
1550 1706
1550 1709
1550 1711
1551 1647
1551 1665
1551 1671
1551 1689
1551 1698
1551 1701
1551 1707
1551 1710
1551 1711
1552 1712
1552 1713
1553 1712
1553 1714
1554 1713
1554 1714
1555 1712
1555 1713
1556 1712
1556 1714
1557 1713
1557 1714
1558 1712
1558 1715
1559 1713
1559 1715
1560 1712
1560 1715
1561 1713
1561 1715
1562 1714
1562 1715
1563 1714
1563 1715
1564 1712
1564 1713
1565 1712
1565 1714
1566 1713
1566 1714
1567 1712
1567 1715
1568 1713
1568 1715
1569 1714
1569 1715
1570 1712
1570 1716
1571 1713
1571 1716
1572 1712
1572 1716
1573 1713
1573 1716
1574 1714
1574 1716
1575 1714
1575 1716
1576 1712
1576 1716
1577 1713
1577 1716
1578 1714
1578 1716
1579 1715
1579 1716
1580 1715
1580 1716
1581 1715
1581 1716
1582 1712
1582 1713
1583 1712
1583 1714
1584 1713
1584 1714
1585 1712
1585 1715
1586 1713
1586 1715
1587 1714
1587 1715
1588 1712
1588 1716
1589 1713
1589 1716
1590 1714
1590 1716
1591 1715
1591 1716
1612 1717
1612 1718
1612 1719
1612 1720
1613 1717
1613 1721
1613 1719
1613 1722
1614 1718
1614 1721
1614 1720
1614 1722
1615 1717
1615 1718
1615 1723
1615 1724
1616 1717
1616 1721
1616 1723
1616 1725
1617 1718
1617 1721
1617 1724
1617 1725
1618 1719
1618 1720
1618 1723
1618 1724
1619 1719
1619 1722
1619 1723
1619 1725
1620 1720
1620 1722
1620 1724
1620 1725
1621 1717
1621 1726
1621 1719
1621 1727
1622 1718
1622 1726
1622 1720
1622 1727
1623 1717
1623 1726
1623 1723
1623 1728
1624 1718
1624 1726
1624 1724
1624 1728
1625 1719
1625 1727
1625 1723
1625 1728
1626 1720
1626 1727
1626 1724
1626 1728
1627 1721
1627 1726
1627 1722
1627 1727
1628 1721
1628 1726
1628 1725
1628 1728
1629 1722
1629 1727
1629 1725
1629 1728
1630 1717
1630 1718
1630 1729
1630 1730
1631 1717
1631 1721
1631 1729
1631 1731
1632 1718
1632 1721
1632 1730
1632 1731
1633 1719
1633 1720
1633 1729
1633 1730
1634 1719
1634 1722
1634 1729
1634 1731
1635 1720
1635 1722
1635 1730
1635 1731
1636 1717
1636 1726
1636 1729
1636 1732
1637 1718
1637 1726
1637 1730
1637 1732
1638 1719
1638 1727
1638 1729
1638 1732
1639 1720
1639 1727
1639 1730
1639 1732
1640 1721
1640 1726
1640 1731
1640 1732
1641 1722
1641 1727
1641 1731
1641 1732
1642 1723
1642 1724
1642 1729
1642 1730
1643 1723
1643 1725
1643 1729
1643 1731
1644 1724
1644 1725
1644 1730
1644 1731
1645 1723
1645 1728
1645 1729
1645 1732
1646 1724
1646 1728
1646 1730
1646 1732
1647 1725
1647 1728
1647 1731
1647 1732
1648 1717
1648 1733
1648 1719
1648 1734
1649 1718
1649 1733
1649 1720
1649 1734
1650 1717
1650 1733
1650 1723
1650 1735
1651 1718
1651 1733
1651 1724
1651 1735
1652 1719
1652 1734
1652 1723
1652 1735
1653 1720
1653 1734
1653 1724
1653 1735
1654 1721
1654 1733
1654 1722
1654 1734
1655 1721
1655 1733
1655 1725
1655 1735
1656 1722
1656 1734
1656 1725
1656 1735
1657 1717
1657 1733
1657 1729
1657 1736
1658 1718
1658 1733
1658 1730
1658 1736
1659 1719
1659 1734
1659 1729
1659 1736
1660 1720
1660 1734
1660 1730
1660 1736
1661 1721
1661 1733
1661 1731
1661 1736
1662 1722
1662 1734
1662 1731
1662 1736
1663 1723
1663 1735
1663 1729
1663 1736
1664 1724
1664 1735
1664 1730
1664 1736
1665 1725
1665 1735
1665 1731
1665 1736
1666 1726
1666 1733
1666 1727
1666 1734
1667 1726
1667 1733
1667 1728
1667 1735
1668 1727
1668 1734
1668 1728
1668 1735
1669 1726
1669 1733
1669 1732
1669 1736
1670 1727
1670 1734
1670 1732
1670 1736
1671 1728
1671 1735
1671 1732
1671 1736
1672 1717
1672 1718
1672 1737
1672 1738
1673 1717
1673 1721
1673 1737
1673 1739
1674 1718
1674 1721
1674 1738
1674 1739
1675 1719
1675 1720
1675 1737
1675 1738
1676 1719
1676 1722
1676 1737
1676 1739
1677 1720
1677 1722
1677 1738
1677 1739
1678 1717
1678 1726
1678 1737
1678 1740
1679 1718
1679 1726
1679 1738
1679 1740
1680 1719
1680 1727
1680 1737
1680 1740
1681 1720
1681 1727
1681 1738
1681 1740
1682 1721
1682 1726
1682 1739
1682 1740
1683 1722
1683 1727
1683 1739
1683 1740
1684 1723
1684 1724
1684 1737
1684 1738
1685 1723
1685 1725
1685 1737
1685 1739
1686 1724
1686 1725
1686 1738
1686 1739
1687 1723
1687 1728
1687 1737
1687 1740
1688 1724
1688 1728
1688 1738
1688 1740
1689 1725
1689 1728
1689 1739
1689 1740
1690 1717
1690 1733
1690 1737
1690 1741
1691 1718
1691 1733
1691 1738
1691 1741
1692 1719
1692 1734
1692 1737
1692 1741
1693 1720
1693 1734
1693 1738
1693 1741
1694 1721
1694 1733
1694 1739
1694 1741
1695 1722
1695 1734
1695 1739
1695 1741
1696 1723
1696 1735
1696 1737
1696 1741
1697 1724
1697 1735
1697 1738
1697 1741
1698 1725
1698 1735
1698 1739
1698 1741
1699 1726
1699 1733
1699 1740
1699 1741
1700 1727
1700 1734
1700 1740
1700 1741
1701 1728
1701 1735
1701 1740
1701 1741
1702 1729
1702 1730
1702 1737
1702 1738
1703 1729
1703 1731
1703 1737
1703 1739
1704 1730
1704 1731
1704 1738
1704 1739
1705 1729
1705 1732
1705 1737
1705 1740
1706 1730
1706 1732
1706 1738
1706 1740
1707 1731
1707 1732
1707 1739
1707 1740
1708 1729
1708 1736
1708 1737
1708 1741
1709 1730
1709 1736
1709 1738
1709 1741
1710 1731
1710 1736
1710 1739
1710 1741
1711 1732
1711 1736
1711 1740
1711 1741
1717 1742
1718 1742
1719 1742
1720 1742
1721 1742
1722 1742
1723 1742
1724 1742
1725 1742
1726 1742
1727 1742
1728 1742
1729 1742
1730 1742
1731 1742
1732 1742
1733 1742
1734 1742
1735 1742
1736 1742
1737 1742
1738 1742
1739 1742
1740 1742
1741 1742
