0 1
0 2
1 0
1 3
1 4
2 0
2 4
2 5
2 6
3 1
3 7
3 8
4 1
4 2
4 7
4 9
5 2
5 9
6 10
6 11
6 12
7 3
7 4
7 13
8 14
8 15
9 4
9 5
9 13
10 16
10 6
11 16
11 6
11 17
11 18
12 6
12 18
13 7
13 9
14 19
14 8
14 20
15 8
15 20
15 21
16 10
16 22
16 11
17 22
17 11
17 23
18 11
18 12
18 23
19 14
19 24
20 14
20 24
20 15
20 25
21 15
21 25
22 16
22 17
22 26
23 17
23 18
24 19
24 20
24 27
24 28
25 20
25 27
25 21
26 29
26 30
27 24
27 25
28 31
28 32
28 33
29 31
29 26
29 32
30 26
30 32
30 34
31 29
31 28
32 29
32 28
32 30
32 35
33 28
33 35
34 30
34 35
35 32
35 33
35 34
