N 0 6 7 9 11 13 15 17 18 19 20 21 22 24 26 28 30
N 1 1 7 9 11 13 15 17 18 19 20 21 22 24 26 28 30
N 2 2 7 9 11 13 15 17 18 19 20 21 22 24 26 28 30
N 3 3 7 9 11 13 15 17 18 19 20 21 22 24 26 28 30
N 4 2 7 9 11 13 16 17 18 19 20 21 22 24 26 28 30
N 5 4 7 9 11 13 15 17 18 19 20 21 22 24 26 28 30
N 6 3 8 9 11 13 15 17 18 19 20 21 22 24 26 28 30
N 7 3 7 9 12 13 15 17 18 19 20 21 22 24 26 28 30
N 8 3 7 9 11 13 16 17 18 19 20 21 22 24 26 28 30
N 9 5 7 9 11 13 15 17 18 19 20 21 22 24 26 28 30
N 10 4 7 9 11 14 15 17 18 19 20 21 22 24 26 28 30
N 11 4 8 9 11 13 15 17 18 19 20 21 22 24 26 28 30
N 12 3 8 9 12 13 15 17 18 19 20 21 22 24 26 28 30
N 13 4 7 9 12 13 15 17 18 19 20 21 22 24 26 28 30
N 14 4 7 9 11 13 16 17 18 19 20 21 22 24 26 28 30
N 15 3 8 9 11 13 16 17 18 19 20 21 22 24 26 28 30
N 16 3 7 9 12 13 16 17 18 19 20 21 22 24 26 28 30
N 17 0 7 9 11 13 15 17 18 19 20 21 22 24 26 28 30
N 18 5 7 10 11 13 15 17 18 19 20 21 22 24 26 28 30
N 19 5 7 9 11 14 15 17 18 19 20 21 22 24 26 28 30
N 20 5 8 9 11 13 15 17 18 19 20 21 22 24 26 28 30
N 21 4 8 9 11 14 15 17 18 19 20 21 22 24 26 28 30
N 22 4 8 9 12 13 15 17 18 19 20 21 22 24 26 28 30
N 23 5 7 9 12 13 15 17 18 19 20 21 22 24 26 28 30
N 24 4 7 9 12 14 15 17 18 19 20 21 22 24 26 28 30
N 25 5 7 9 11 13 16 17 18 19 20 21 22 24 26 28 30
N 26 4 7 9 11 14 16 17 18 19 20 21 22 24 26 28 30
N 27 4 8 9 11 13 16 17 18 19 20 21 22 24 26 28 30
N 28 3 8 9 12 13 16 17 18 19 20 21 22 24 26 28 30
N 29 4 7 9 12 13 16 17 18 19 20 21 22 24 26 28 30
N 30 0 7 10 11 13 15 17 18 19 20 21 22 24 26 28 30
N 31 0 7 9 11 14 15 17 18 19 20 21 22 24 26 28 30
N 32 5 7 10 11 14 15 17 18 19 20 21 22 24 26 28 30
N 33 0 8 9 11 13 15 17 18 19 20 21 22 24 26 28 30
N 34 5 8 10 11 13 15 17 18 19 20 21 22 24 26 28 30
N 35 5 8 9 11 14 15 17 18 19 20 21 22 24 26 28 30
N 36 5 8 9 12 13 15 17 18 19 20 21 22 24 26 28 30
N 37 4 8 9 12 14 15 17 18 19 20 21 22 24 26 28 30
N 38 0 7 9 12 13 15 17 18 19 20 21 22 24 26 28 30
N 39 5 7 10 12 13 15 17 18 19 20 21 22 24 26 28 30
N 40 5 7 9 12 14 15 17 18 19 20 21 22 24 26 28 30
N 41 0 7 9 11 13 16 17 18 19 20 21 22 24 26 28 30
N 42 5 7 10 11 13 16 17 18 19 20 21 22 24 26 28 30
N 43 5 7 9 11 14 16 17 18 19 20 21 22 24 26 28 30
N 44 5 8 9 11 13 16 17 18 19 20 21 22 24 26 28 30
N 45 4 8 9 11 14 16 17 18 19 20 21 22 24 26 28 30
N 46 4 8 9 12 13 16 17 18 19 20 21 22 24 26 28 30
N 47 5 7 9 12 13 16 17 18 19 20 21 22 24 26 28 30
N 48 4 7 9 12 14 16 17 18 19 20 21 22 24 26 28 30
N 49 0 7 10 11 13 15 17 18 19 21 23 24 26 28 30
N 50 0 7 10 11 13 15 17 18 19 21 22 25 26 28 30
N 51 0 7 10 11 13 15 17 18 19 21 22 24 27 28 30
N 52 0 7 10 11 13 15 17 18 19 21 22 24 26 29 30
N 53 0 7 10 11 13 15 17 18 19 21 22 24 26 28 31
N 54 0 7 9 11 14 15 17 19 20 21 23 24 26 28 30
N 55 0 7 9 11 14 15 17 19 20 21 22 25 26 28 30
N 56 0 7 9 11 14 15 17 19 20 21 22 24 27 28 30
N 57 0 7 9 11 14 15 17 19 20 21 22 24 26 29 30
N 58 0 7 9 11 14 15 17 19 20 21 22 24 26 28 31
N 59 0 7 10 11 14 15 17 18 19 20 21 22 24 26 28 30
N 60 0 8 9 11 13 15 17 18 19 20 23 24 26 28 30
N 61 0 8 9 11 13 15 17 18 19 20 22 25 26 28 30
N 62 0 8 9 11 13 15 17 18 19 20 22 24 27 28 30
N 63 0 8 9 11 13 15 17 18 19 20 22 24 26 29 30
N 64 0 8 9 11 13 15 17 18 19 20 22 24 26 28 31
N 65 0 8 10 11 13 15 17 18 19 20 21 22 24 26 28 30
N 66 0 8 9 11 14 15 17 18 19 20 21 22 24 26 28 30
N 67 5 8 10 11 14 15 17 18 19 20 21 22 24 26 28 30
N 68 0 8 9 12 13 15 17 18 19 20 21 22 24 26 28 30
N 69 5 8 10 12 13 15 17 18 19 20 21 22 24 26 28 30
N 70 5 8 9 12 14 15 17 18 19 20 21 22 24 26 28 30
N 71 0 7 9 12 13 15 17 18 20 21 23 24 26 28 30
N 72 0 7 9 12 13 15 17 18 20 21 22 25 26 28 30
N 73 0 7 9 12 13 15 17 18 20 21 22 24 27 28 30
N 74 0 7 9 12 13 15 17 18 20 21 22 24 26 29 30
N 75 0 7 9 12 13 15 17 18 20 21 22 24 26 28 31
N 76 0 7 10 12 13 15 17 18 19 20 21 22 24 26 28 30
N 77 0 7 9 12 14 15 17 18 19 20 21 22 24 26 28 30
N 78 5 7 10 12 14 15 17 18 19 20 21 22 24 26 28 30
N 79 0 7 9 11 13 16 18 19 20 21 23 24 26 28 30
N 80 0 7 9 11 13 16 18 19 20 21 22 25 26 28 30
N 81 0 7 9 11 13 16 18 19 20 21 22 24 27 28 30
N 82 0 7 9 11 13 16 18 19 20 21 22 24 26 29 30
N 83 0 7 9 11 13 16 18 19 20 21 22 24 26 28 31
N 84 0 7 10 11 13 16 17 18 19 20 21 22 24 26 28 30
N 85 0 7 9 11 14 16 17 18 19 20 21 22 24 26 28 30
N 86 5 7 10 11 14 16 17 18 19 20 21 22 24 26 28 30
N 87 0 8 9 11 13 16 17 18 19 20 21 22 24 26 28 30
N 88 5 8 10 11 13 16 17 18 19 20 21 22 24 26 28 30
N 89 5 8 9 11 14 16 17 18 19 20 21 22 24 26 28 30
N 90 5 8 9 12 13 16 17 18 19 20 21 22 24 26 28 30
N 91 4 8 9 12 14 16 17 18 19 20 21 22 24 26 28 30
N 92 0 7 9 12 13 16 17 18 19 20 21 22 24 26 28 30
N 93 5 7 10 12 13 16 17 18 19 20 21 22 24 26 28 30
N 94 5 7 9 12 14 16 17 18 19 20 21 22 24 26 28 30
N 95 0 7 10 11 14 15 17 18 19 21 23 24 26 28 30
N 96 0 7 10 11 14 15 17 18 19 21 22 25 26 28 30
N 97 0 7 10 11 14 15 17 18 19 21 22 24 27 28 30
N 98 0 7 10 11 14 15 17 18 19 21 22 24 26 29 30
N 99 0 7 10 11 14 15 17 18 19 21 22 24 26 28 31
N 100 0 7 10 11 14 15 17 19 20 21 23 24 26 28 30
N 101 0 7 10 11 14 15 17 19 20 21 22 25 26 28 30
N 102 0 7 10 11 14 15 17 19 20 21 22 24 27 28 30
N 103 0 7 10 11 14 15 17 19 20 21 22 24 26 29 30
N 104 0 7 10 11 14 15 17 19 20 21 22 24 26 28 31
N 105 0 8 10 11 13 15 17 18 19 20 23 24 26 28 30
N 106 0 8 10 11 13 15 17 18 19 20 22 25 26 28 30
N 107 0 8 10 11 13 15 17 18 19 20 22 24 27 28 30
N 108 0 8 10 11 13 15 17 18 19 20 22 24 26 29 30
N 109 0 8 10 11 13 15 17 18 19 20 22 24 26 28 31
N 110 0 8 10 11 13 15 17 18 19 21 23 24 26 28 30
N 111 0 8 10 11 13 15 17 18 19 21 22 25 26 28 30
N 112 0 8 10 11 13 15 17 18 19 21 22 24 27 28 30
N 113 0 8 10 11 13 15 17 18 19 21 22 24 26 29 30
N 114 0 8 10 11 13 15 17 18 19 21 22 24 26 28 31
N 115 0 8 9 11 14 15 17 18 19 20 23 24 26 28 30
N 116 0 8 9 11 14 15 17 18 19 20 22 25 26 28 30
N 117 0 8 9 11 14 15 17 18 19 20 22 24 27 28 30
N 118 0 8 9 11 14 15 17 18 19 20 22 24 26 29 30
N 119 0 8 9 11 14 15 17 18 19 20 22 24 26 28 31
N 120 0 8 9 11 14 15 17 19 20 21 23 24 26 28 30
N 121 0 8 9 11 14 15 17 19 20 21 22 25 26 28 30
N 122 0 8 9 11 14 15 17 19 20 21 22 24 27 28 30
N 123 0 8 9 11 14 15 17 19 20 21 22 24 26 29 30
N 124 0 8 9 11 14 15 17 19 20 21 22 24 26 28 31
N 125 0 8 10 11 14 15 17 18 19 20 21 22 24 26 28 30
N 126 0 8 9 12 13 15 17 18 19 20 23 24 26 28 30
N 127 0 8 9 12 13 15 17 18 19 20 22 25 26 28 30
N 128 0 8 9 12 13 15 17 18 19 20 22 24 27 28 30
N 129 0 8 9 12 13 15 17 18 19 20 22 24 26 29 30
N 130 0 8 9 12 13 15 17 18 19 20 22 24 26 28 31
N 131 0 8 9 12 13 15 17 18 20 21 23 24 26 28 30
N 132 0 8 9 12 13 15 17 18 20 21 22 25 26 28 30
N 133 0 8 9 12 13 15 17 18 20 21 22 24 27 28 30
N 134 0 8 9 12 13 15 17 18 20 21 22 24 26 29 30
N 135 0 8 9 12 13 15 17 18 20 21 22 24 26 28 31
N 136 0 8 10 12 13 15 17 18 19 20 21 22 24 26 28 30
N 137 0 8 9 12 14 15 17 18 19 20 21 22 24 26 28 30
N 138 5 8 10 12 14 15 17 18 19 20 21 22 24 26 28 30
N 139 0 7 10 12 13 15 17 18 19 21 23 24 26 28 30
N 140 0 7 10 12 13 15 17 18 19 21 22 25 26 28 30
N 141 0 7 10 12 13 15 17 18 19 21 22 24 27 28 30
N 142 0 7 10 12 13 15 17 18 19 21 22 24 26 29 30
N 143 0 7 10 12 13 15 17 18 19 21 22 24 26 28 31
N 144 0 7 10 12 13 15 17 18 20 21 23 24 26 28 30
N 145 0 7 10 12 13 15 17 18 20 21 22 25 26 28 30
N 146 0 7 10 12 13 15 17 18 20 21 22 24 27 28 30
N 147 0 7 10 12 13 15 17 18 20 21 22 24 26 29 30
N 148 0 7 10 12 13 15 17 18 20 21 22 24 26 28 31
N 149 0 7 9 12 14 15 17 18 20 21 23 24 26 28 30
N 150 0 7 9 12 14 15 17 18 20 21 22 25 26 28 30
N 151 0 7 9 12 14 15 17 18 20 21 22 24 27 28 30
N 152 0 7 9 12 14 15 17 18 20 21 22 24 26 29 30
N 153 0 7 9 12 14 15 17 18 20 21 22 24 26 28 31
N 154 0 7 9 12 14 15 17 19 20 21 23 24 26 28 30
N 155 0 7 9 12 14 15 17 19 20 21 22 25 26 28 30
N 156 0 7 9 12 14 15 17 19 20 21 22 24 27 28 30
N 157 0 7 9 12 14 15 17 19 20 21 22 24 26 29 30
N 158 0 7 9 12 14 15 17 19 20 21 22 24 26 28 31
N 159 0 7 10 12 14 15 17 18 19 20 21 22 24 26 28 30
N 160 0 7 10 11 13 16 17 18 19 21 23 24 26 28 30
N 161 0 7 10 11 13 16 17 18 19 21 22 25 26 28 30
N 162 0 7 10 11 13 16 17 18 19 21 22 24 27 28 30
N 163 0 7 10 11 13 16 17 18 19 21 22 24 26 29 30
N 164 0 7 10 11 13 16 17 18 19 21 22 24 26 28 31
N 165 0 7 10 11 13 16 18 19 20 21 23 24 26 28 30
N 166 0 7 10 11 13 16 18 19 20 21 22 25 26 28 30
N 167 0 7 10 11 13 16 18 19 20 21 22 24 27 28 30
N 168 0 7 10 11 13 16 18 19 20 21 22 24 26 29 30
N 169 0 7 10 11 13 16 18 19 20 21 22 24 26 28 31
N 170 0 7 9 11 14 16 17 19 20 21 23 24 26 28 30
N 171 0 7 9 11 14 16 17 19 20 21 22 25 26 28 30
N 172 0 7 9 11 14 16 17 19 20 21 22 24 27 28 30
N 173 0 7 9 11 14 16 17 19 20 21 22 24 26 29 30
N 174 0 7 9 11 14 16 17 19 20 21 22 24 26 28 31
N 175 0 7 9 11 14 16 18 19 20 21 23 24 26 28 30
N 176 0 7 9 11 14 16 18 19 20 21 22 25 26 28 30
N 177 0 7 9 11 14 16 18 19 20 21 22 24 27 28 30
N 178 0 7 9 11 14 16 18 19 20 21 22 24 26 29 30
N 179 0 7 9 11 14 16 18 19 20 21 22 24 26 28 31
N 180 0 7 10 11 14 16 17 18 19 20 21 22 24 26 28 30
N 181 0 8 9 11 13 16 17 18 19 20 23 24 26 28 30
N 182 0 8 9 11 13 16 17 18 19 20 22 25 26 28 30
N 183 0 8 9 11 13 16 17 18 19 20 22 24 27 28 30
N 184 0 8 9 11 13 16 17 18 19 20 22 24 26 29 30
N 185 0 8 9 11 13 16 17 18 19 20 22 24 26 28 31
N 186 0 8 9 11 13 16 18 19 20 21 23 24 26 28 30
N 187 0 8 9 11 13 16 18 19 20 21 22 25 26 28 30
N 188 0 8 9 11 13 16 18 19 20 21 22 24 27 28 30
N 189 0 8 9 11 13 16 18 19 20 21 22 24 26 29 30
N 190 0 8 9 11 13 16 18 19 20 21 22 24 26 28 31
N 191 0 8 10 11 13 16 17 18 19 20 21 22 24 26 28 30
N 192 0 8 9 11 14 16 17 18 19 20 21 22 24 26 28 30
N 193 5 8 10 11 14 16 17 18 19 20 21 22 24 26 28 30
N 194 0 8 9 12 13 16 17 18 19 20 21 22 24 26 28 30
N 195 5 8 10 12 13 16 17 18 19 20 21 22 24 26 28 30
N 196 5 8 9 12 14 16 17 18 19 20 21 22 24 26 28 30
N 197 0 7 9 12 13 16 17 18 20 21 23 24 26 28 30
N 198 0 7 9 12 13 16 17 18 20 21 22 25 26 28 30
N 199 0 7 9 12 13 16 17 18 20 21 22 24 27 28 30
N 200 0 7 9 12 13 16 17 18 20 21 22 24 26 29 30
N 201 0 7 9 12 13 16 17 18 20 21 22 24 26 28 31
N 202 0 7 9 12 13 16 18 19 20 21 23 24 26 28 30
N 203 0 7 9 12 13 16 18 19 20 21 22 25 26 28 30
N 204 0 7 9 12 13 16 18 19 20 21 22 24 27 28 30
N 205 0 7 9 12 13 16 18 19 20 21 22 24 26 29 30
N 206 0 7 9 12 13 16 18 19 20 21 22 24 26 28 31
N 207 0 7 10 12 13 16 17 18 19 20 21 22 24 26 28 30
N 208 0 7 9 12 14 16 17 18 19 20 21 22 24 26 28 30
N 209 5 7 10 12 14 16 17 18 19 20 21 22 24 26 28 30
N 210 0 7 10 11 14 15 17 19 21 23 25 26 28 30
N 211 0 7 10 11 14 15 17 19 21 23 24 27 28 30
N 212 0 7 10 11 14 15 17 19 21 23 24 26 29 30
N 213 0 7 10 11 14 15 17 19 21 23 24 26 28 31
N 214 0 7 10 11 14 15 17 19 21 22 25 27 28 30
N 215 0 7 10 11 14 15 17 19 21 22 25 26 29 30
N 216 0 7 10 11 14 15 17 19 21 22 25 26 28 31
N 217 0 7 10 11 14 15 17 19 21 22 24 27 29 30
N 218 0 7 10 11 14 15 17 19 21 22 24 27 28 31
N 219 0 7 10 11 14 15 17 19 21 22 24 26 29 31
N 220 0 8 10 11 13 15 17 18 19 23 25 26 28 30
N 221 0 8 10 11 13 15 17 18 19 23 24 27 28 30
N 222 0 8 10 11 13 15 17 18 19 23 24 26 29 30
N 223 0 8 10 11 13 15 17 18 19 23 24 26 28 31
N 224 0 8 10 11 13 15 17 18 19 22 25 27 28 30
N 225 0 8 10 11 13 15 17 18 19 22 25 26 29 30
N 226 0 8 10 11 13 15 17 18 19 22 25 26 28 31
N 227 0 8 10 11 13 15 17 18 19 22 24 27 29 30
N 228 0 8 10 11 13 15 17 18 19 22 24 27 28 31
N 229 0 8 10 11 13 15 17 18 19 22 24 26 29 31
N 230 0 8 9 11 14 15 17 19 20 23 25 26 28 30
N 231 0 8 9 11 14 15 17 19 20 23 24 27 28 30
N 232 0 8 9 11 14 15 17 19 20 23 24 26 29 30
N 233 0 8 9 11 14 15 17 19 20 23 24 26 28 31
N 234 0 8 9 11 14 15 17 19 20 22 25 27 28 30
N 235 0 8 9 11 14 15 17 19 20 22 25 26 29 30
N 236 0 8 9 11 14 15 17 19 20 22 25 26 28 31
N 237 0 8 9 11 14 15 17 19 20 22 24 27 29 30
N 238 0 8 9 11 14 15 17 19 20 22 24 27 28 31
N 239 0 8 9 11 14 15 17 19 20 22 24 26 29 31
N 240 0 8 10 11 14 15 17 18 19 20 23 24 26 28 30
N 241 0 8 10 11 14 15 17 18 19 20 22 25 26 28 30
N 242 0 8 10 11 14 15 17 18 19 20 22 24 27 28 30
N 243 0 8 10 11 14 15 17 18 19 20 22 24 26 29 30
N 244 0 8 10 11 14 15 17 18 19 20 22 24 26 28 31
N 245 0 8 10 11 14 15 17 18 19 21 23 24 26 28 30
N 246 0 8 10 11 14 15 17 18 19 21 22 25 26 28 30
N 247 0 8 10 11 14 15 17 18 19 21 22 24 27 28 30
N 248 0 8 10 11 14 15 17 18 19 21 22 24 26 29 30
N 249 0 8 10 11 14 15 17 18 19 21 22 24 26 28 31
N 250 0 8 10 11 14 15 17 19 20 21 23 24 26 28 30
N 251 0 8 10 11 14 15 17 19 20 21 22 25 26 28 30
N 252 0 8 10 11 14 15 17 19 20 21 22 24 27 28 30
N 253 0 8 10 11 14 15 17 19 20 21 22 24 26 29 30
N 254 0 8 10 11 14 15 17 19 20 21 22 24 26 28 31
N 255 0 8 9 12 13 15 17 18 20 23 25 26 28 30
N 256 0 8 9 12 13 15 17 18 20 23 24 27 28 30
N 257 0 8 9 12 13 15 17 18 20 23 24 26 29 30
N 258 0 8 9 12 13 15 17 18 20 23 24 26 28 31
N 259 0 8 9 12 13 15 17 18 20 22 25 27 28 30
N 260 0 8 9 12 13 15 17 18 20 22 25 26 29 30
N 261 0 8 9 12 13 15 17 18 20 22 25 26 28 31
N 262 0 8 9 12 13 15 17 18 20 22 24 27 29 30
N 263 0 8 9 12 13 15 17 18 20 22 24 27 28 31
N 264 0 8 9 12 13 15 17 18 20 22 24 26 29 31
N 265 0 8 10 12 13 15 17 18 19 20 23 24 26 28 30
N 266 0 8 10 12 13 15 17 18 19 20 22 25 26 28 30
N 267 0 8 10 12 13 15 17 18 19 20 22 24 27 28 30
N 268 0 8 10 12 13 15 17 18 19 20 22 24 26 29 30
N 269 0 8 10 12 13 15 17 18 19 20 22 24 26 28 31
N 270 0 8 10 12 13 15 17 18 19 21 23 24 26 28 30
N 271 0 8 10 12 13 15 17 18 19 21 22 25 26 28 30
N 272 0 8 10 12 13 15 17 18 19 21 22 24 27 28 30
N 273 0 8 10 12 13 15 17 18 19 21 22 24 26 29 30
N 274 0 8 10 12 13 15 17 18 19 21 22 24 26 28 31
N 275 0 8 10 12 13 15 17 18 20 21 23 24 26 28 30
N 276 0 8 10 12 13 15 17 18 20 21 22 25 26 28 30
N 277 0 8 10 12 13 15 17 18 20 21 22 24 27 28 30
N 278 0 8 10 12 13 15 17 18 20 21 22 24 26 29 30
N 279 0 8 10 12 13 15 17 18 20 21 22 24 26 28 31
N 280 0 8 9 12 14 15 17 18 19 20 23 24 26 28 30
N 281 0 8 9 12 14 15 17 18 19 20 22 25 26 28 30
N 282 0 8 9 12 14 15 17 18 19 20 22 24 27 28 30
N 283 0 8 9 12 14 15 17 18 19 20 22 24 26 29 30
N 284 0 8 9 12 14 15 17 18 19 20 22 24 26 28 31
N 285 0 8 9 12 14 15 17 18 20 21 23 24 26 28 30
N 286 0 8 9 12 14 15 17 18 20 21 22 25 26 28 30
N 287 0 8 9 12 14 15 17 18 20 21 22 24 27 28 30
N 288 0 8 9 12 14 15 17 18 20 21 22 24 26 29 30
N 289 0 8 9 12 14 15 17 18 20 21 22 24 26 28 31
N 290 0 8 9 12 14 15 17 19 20 21 23 24 26 28 30
N 291 0 8 9 12 14 15 17 19 20 21 22 25 26 28 30
N 292 0 8 9 12 14 15 17 19 20 21 22 24 27 28 30
N 293 0 8 9 12 14 15 17 19 20 21 22 24 26 29 30
N 294 0 8 9 12 14 15 17 19 20 21 22 24 26 28 31
N 295 0 8 10 12 14 15 17 18 19 20 21 22 24 26 28 30
N 296 0 7 10 12 13 15 17 18 21 23 25 26 28 30
N 297 0 7 10 12 13 15 17 18 21 23 24 27 28 30
N 298 0 7 10 12 13 15 17 18 21 23 24 26 29 30
N 299 0 7 10 12 13 15 17 18 21 23 24 26 28 31
N 300 0 7 10 12 13 15 17 18 21 22 25 27 28 30
N 301 0 7 10 12 13 15 17 18 21 22 25 26 29 30
N 302 0 7 10 12 13 15 17 18 21 22 25 26 28 31
N 303 0 7 10 12 13 15 17 18 21 22 24 27 29 30
N 304 0 7 10 12 13 15 17 18 21 22 24 27 28 31
N 305 0 7 10 12 13 15 17 18 21 22 24 26 29 31
N 306 0 7 9 12 14 15 17 20 21 23 25 26 28 30
N 307 0 7 9 12 14 15 17 20 21 23 24 27 28 30
N 308 0 7 9 12 14 15 17 20 21 23 24 26 29 30
N 309 0 7 9 12 14 15 17 20 21 23 24 26 28 31
N 310 0 7 9 12 14 15 17 20 21 22 25 27 28 30
N 311 0 7 9 12 14 15 17 20 21 22 25 26 29 30
N 312 0 7 9 12 14 15 17 20 21 22 25 26 28 31
N 313 0 7 9 12 14 15 17 20 21 22 24 27 29 30
N 314 0 7 9 12 14 15 17 20 21 22 24 27 28 31
N 315 0 7 9 12 14 15 17 20 21 22 24 26 29 31
N 316 0 7 10 12 14 15 17 18 19 21 23 24 26 28 30
N 317 0 7 10 12 14 15 17 18 19 21 22 25 26 28 30
N 318 0 7 10 12 14 15 17 18 19 21 22 24 27 28 30
N 319 0 7 10 12 14 15 17 18 19 21 22 24 26 29 30
N 320 0 7 10 12 14 15 17 18 19 21 22 24 26 28 31
N 321 0 7 10 12 14 15 17 18 20 21 23 24 26 28 30
N 322 0 7 10 12 14 15 17 18 20 21 22 25 26 28 30
N 323 0 7 10 12 14 15 17 18 20 21 22 24 27 28 30
N 324 0 7 10 12 14 15 17 18 20 21 22 24 26 29 30
N 325 0 7 10 12 14 15 17 18 20 21 22 24 26 28 31
N 326 0 7 10 12 14 15 17 19 20 21 23 24 26 28 30
N 327 0 7 10 12 14 15 17 19 20 21 22 25 26 28 30
N 328 0 7 10 12 14 15 17 19 20 21 22 24 27 28 30
N 329 0 7 10 12 14 15 17 19 20 21 22 24 26 29 30
N 330 0 7 10 12 14 15 17 19 20 21 22 24 26 28 31
N 331 0 7 10 11 13 16 18 19 21 23 25 26 28 30
N 332 0 7 10 11 13 16 18 19 21 23 24 27 28 30
N 333 0 7 10 11 13 16 18 19 21 23 24 26 29 30
N 334 0 7 10 11 13 16 18 19 21 23 24 26 28 31
N 335 0 7 10 11 13 16 18 19 21 22 25 27 28 30
N 336 0 7 10 11 13 16 18 19 21 22 25 26 29 30
N 337 0 7 10 11 13 16 18 19 21 22 25 26 28 31
N 338 0 7 10 11 13 16 18 19 21 22 24 27 29 30
N 339 0 7 10 11 13 16 18 19 21 22 24 27 28 31
N 340 0 7 10 11 13 16 18 19 21 22 24 26 29 31
N 341 0 7 9 11 14 16 19 20 21 23 25 26 28 30
N 342 0 7 9 11 14 16 19 20 21 23 24 27 28 30
N 343 0 7 9 11 14 16 19 20 21 23 24 26 29 30
N 344 0 7 9 11 14 16 19 20 21 23 24 26 28 31
N 345 0 7 9 11 14 16 19 20 21 22 25 27 28 30
N 346 0 7 9 11 14 16 19 20 21 22 25 26 29 30
N 347 0 7 9 11 14 16 19 20 21 22 25 26 28 31
N 348 0 7 9 11 14 16 19 20 21 22 24 27 29 30
N 349 0 7 9 11 14 16 19 20 21 22 24 27 28 31
N 350 0 7 9 11 14 16 19 20 21 22 24 26 29 31
N 351 0 7 10 11 14 16 17 18 19 21 23 24 26 28 30
N 352 0 7 10 11 14 16 17 18 19 21 22 25 26 28 30
N 353 0 7 10 11 14 16 17 18 19 21 22 24 27 28 30
N 354 0 7 10 11 14 16 17 18 19 21 22 24 26 29 30
N 355 0 7 10 11 14 16 17 18 19 21 22 24 26 28 31
N 356 0 7 10 11 14 16 17 19 20 21 23 24 26 28 30
N 357 0 7 10 11 14 16 17 19 20 21 22 25 26 28 30
N 358 0 7 10 11 14 16 17 19 20 21 22 24 27 28 30
N 359 0 7 10 11 14 16 17 19 20 21 22 24 26 29 30
N 360 0 7 10 11 14 16 17 19 20 21 22 24 26 28 31
N 361 0 7 10 11 14 16 18 19 20 21 23 24 26 28 30
N 362 0 7 10 11 14 16 18 19 20 21 22 25 26 28 30
N 363 0 7 10 11 14 16 18 19 20 21 22 24 27 28 30
N 364 0 7 10 11 14 16 18 19 20 21 22 24 26 29 30
N 365 0 7 10 11 14 16 18 19 20 21 22 24 26 28 31
N 366 0 8 9 11 13 16 18 19 20 23 25 26 28 30
N 367 0 8 9 11 13 16 18 19 20 23 24 27 28 30
N 368 0 8 9 11 13 16 18 19 20 23 24 26 29 30
N 369 0 8 9 11 13 16 18 19 20 23 24 26 28 31
N 370 0 8 9 11 13 16 18 19 20 22 25 27 28 30
N 371 0 8 9 11 13 16 18 19 20 22 25 26 29 30
N 372 0 8 9 11 13 16 18 19 20 22 25 26 28 31
N 373 0 8 9 11 13 16 18 19 20 22 24 27 29 30
N 374 0 8 9 11 13 16 18 19 20 22 24 27 28 31
N 375 0 8 9 11 13 16 18 19 20 22 24 26 29 31
N 376 0 8 10 11 13 16 17 18 19 20 23 24 26 28 30
N 377 0 8 10 11 13 16 17 18 19 20 22 25 26 28 30
N 378 0 8 10 11 13 16 17 18 19 20 22 24 27 28 30
N 379 0 8 10 11 13 16 17 18 19 20 22 24 26 29 30
N 380 0 8 10 11 13 16 17 18 19 20 22 24 26 28 31
N 381 0 8 10 11 13 16 17 18 19 21 23 24 26 28 30
N 382 0 8 10 11 13 16 17 18 19 21 22 25 26 28 30
N 383 0 8 10 11 13 16 17 18 19 21 22 24 27 28 30
N 384 0 8 10 11 13 16 17 18 19 21 22 24 26 29 30
N 385 0 8 10 11 13 16 17 18 19 21 22 24 26 28 31
N 386 0 8 10 11 13 16 18 19 20 21 23 24 26 28 30
N 387 0 8 10 11 13 16 18 19 20 21 22 25 26 28 30
N 388 0 8 10 11 13 16 18 19 20 21 22 24 27 28 30
N 389 0 8 10 11 13 16 18 19 20 21 22 24 26 29 30
N 390 0 8 10 11 13 16 18 19 20 21 22 24 26 28 31
N 391 0 8 9 11 14 16 17 18 19 20 23 24 26 28 30
N 392 0 8 9 11 14 16 17 18 19 20 22 25 26 28 30
N 393 0 8 9 11 14 16 17 18 19 20 22 24 27 28 30
N 394 0 8 9 11 14 16 17 18 19 20 22 24 26 29 30
N 395 0 8 9 11 14 16 17 18 19 20 22 24 26 28 31
N 396 0 8 9 11 14 16 17 19 20 21 23 24 26 28 30
N 397 0 8 9 11 14 16 17 19 20 21 22 25 26 28 30
N 398 0 8 9 11 14 16 17 19 20 21 22 24 27 28 30
N 399 0 8 9 11 14 16 17 19 20 21 22 24 26 29 30
N 400 0 8 9 11 14 16 17 19 20 21 22 24 26 28 31
N 401 0 8 9 11 14 16 18 19 20 21 23 24 26 28 30
N 402 0 8 9 11 14 16 18 19 20 21 22 25 26 28 30
N 403 0 8 9 11 14 16 18 19 20 21 22 24 27 28 30
N 404 0 8 9 11 14 16 18 19 20 21 22 24 26 29 30
N 405 0 8 9 11 14 16 18 19 20 21 22 24 26 28 31
N 406 0 8 10 11 14 16 17 18 19 20 21 22 24 26 28 30
N 407 0 8 9 12 13 16 17 18 19 20 23 24 26 28 30
N 408 0 8 9 12 13 16 17 18 19 20 22 25 26 28 30
N 409 0 8 9 12 13 16 17 18 19 20 22 24 27 28 30
N 410 0 8 9 12 13 16 17 18 19 20 22 24 26 29 30
N 411 0 8 9 12 13 16 17 18 19 20 22 24 26 28 31
N 412 0 8 9 12 13 16 17 18 20 21 23 24 26 28 30
N 413 0 8 9 12 13 16 17 18 20 21 22 25 26 28 30
N 414 0 8 9 12 13 16 17 18 20 21 22 24 27 28 30
N 415 0 8 9 12 13 16 17 18 20 21 22 24 26 29 30
N 416 0 8 9 12 13 16 17 18 20 21 22 24 26 28 31
N 417 0 8 9 12 13 16 18 19 20 21 23 24 26 28 30
N 418 0 8 9 12 13 16 18 19 20 21 22 25 26 28 30
N 419 0 8 9 12 13 16 18 19 20 21 22 24 27 28 30
N 420 0 8 9 12 13 16 18 19 20 21 22 24 26 29 30
N 421 0 8 9 12 13 16 18 19 20 21 22 24 26 28 31
N 422 0 8 10 12 13 16 17 18 19 20 21 22 24 26 28 30
N 423 0 8 9 12 14 16 17 18 19 20 21 22 24 26 28 30
N 424 5 8 10 12 14 16 17 18 19 20 21 22 24 26 28 30
N 425 0 7 9 12 13 16 18 20 21 23 25 26 28 30
N 426 0 7 9 12 13 16 18 20 21 23 24 27 28 30
N 427 0 7 9 12 13 16 18 20 21 23 24 26 29 30
N 428 0 7 9 12 13 16 18 20 21 23 24 26 28 31
N 429 0 7 9 12 13 16 18 20 21 22 25 27 28 30
N 430 0 7 9 12 13 16 18 20 21 22 25 26 29 30
N 431 0 7 9 12 13 16 18 20 21 22 25 26 28 31
N 432 0 7 9 12 13 16 18 20 21 22 24 27 29 30
N 433 0 7 9 12 13 16 18 20 21 22 24 27 28 31
N 434 0 7 9 12 13 16 18 20 21 22 24 26 29 31
N 435 0 7 10 12 13 16 17 18 19 21 23 24 26 28 30
N 436 0 7 10 12 13 16 17 18 19 21 22 25 26 28 30
N 437 0 7 10 12 13 16 17 18 19 21 22 24 27 28 30
N 438 0 7 10 12 13 16 17 18 19 21 22 24 26 29 30
N 439 0 7 10 12 13 16 17 18 19 21 22 24 26 28 31
N 440 0 7 10 12 13 16 17 18 20 21 23 24 26 28 30
N 441 0 7 10 12 13 16 17 18 20 21 22 25 26 28 30
N 442 0 7 10 12 13 16 17 18 20 21 22 24 27 28 30
N 443 0 7 10 12 13 16 17 18 20 21 22 24 26 29 30
N 444 0 7 10 12 13 16 17 18 20 21 22 24 26 28 31
N 445 0 7 10 12 13 16 18 19 20 21 23 24 26 28 30
N 446 0 7 10 12 13 16 18 19 20 21 22 25 26 28 30
N 447 0 7 10 12 13 16 18 19 20 21 22 24 27 28 30
N 448 0 7 10 12 13 16 18 19 20 21 22 24 26 29 30
N 449 0 7 10 12 13 16 18 19 20 21 22 24 26 28 31
N 450 0 7 9 12 14 16 17 18 20 21 23 24 26 28 30
N 451 0 7 9 12 14 16 17 18 20 21 22 25 26 28 30
N 452 0 7 9 12 14 16 17 18 20 21 22 24 27 28 30
N 453 0 7 9 12 14 16 17 18 20 21 22 24 26 29 30
N 454 0 7 9 12 14 16 17 18 20 21 22 24 26 28 31
N 455 0 7 9 12 14 16 17 19 20 21 23 24 26 28 30
N 456 0 7 9 12 14 16 17 19 20 21 22 25 26 28 30
N 457 0 7 9 12 14 16 17 19 20 21 22 24 27 28 30
N 458 0 7 9 12 14 16 17 19 20 21 22 24 26 29 30
N 459 0 7 9 12 14 16 17 19 20 21 22 24 26 28 31
N 460 0 7 9 12 14 16 18 19 20 21 23 24 26 28 30
N 461 0 7 9 12 14 16 18 19 20 21 22 25 26 28 30
N 462 0 7 9 12 14 16 18 19 20 21 22 24 27 28 30
N 463 0 7 9 12 14 16 18 19 20 21 22 24 26 29 30
N 464 0 7 9 12 14 16 18 19 20 21 22 24 26 28 31
N 465 0 7 10 12 14 16 17 18 19 20 21 22 24 26 28 30
N 466 0 8 10 11 14 15 17 18 19 23 25 26 28 30
N 467 0 8 10 11 14 15 17 18 19 23 24 27 28 30
N 468 0 8 10 11 14 15 17 18 19 23 24 26 29 30
N 469 0 8 10 11 14 15 17 18 19 23 24 26 28 31
N 470 0 8 10 11 14 15 17 19 20 23 25 26 28 30
N 471 0 8 10 11 14 15 17 19 20 23 24 27 28 30
N 472 0 8 10 11 14 15 17 19 20 23 24 26 29 30
N 473 0 8 10 11 14 15 17 19 20 23 24 26 28 31
N 474 0 8 10 11 14 15 17 18 19 22 25 27 28 30
N 475 0 8 10 11 14 15 17 18 19 22 25 26 29 30
N 476 0 8 10 11 14 15 17 18 19 22 25 26 28 31
N 477 0 8 10 11 14 15 17 19 20 22 25 27 28 30
N 478 0 8 10 11 14 15 17 19 20 22 25 26 29 30
N 479 0 8 10 11 14 15 17 19 20 22 25 26 28 31
N 480 0 8 10 11 14 15 17 18 19 22 24 27 29 30
N 481 0 8 10 11 14 15 17 18 19 22 24 27 28 31
N 482 0 8 10 11 14 15 17 19 20 22 24 27 29 30
N 483 0 8 10 11 14 15 17 19 20 22 24 27 28 31
N 484 0 8 10 11 14 15 17 18 19 22 24 26 29 31
N 485 0 8 10 11 14 15 17 19 20 22 24 26 29 31
N 486 0 8 10 11 14 15 17 19 21 23 25 26 28 30
N 487 0 8 10 11 14 15 17 19 21 23 24 27 28 30
N 488 0 8 10 11 14 15 17 19 21 23 24 26 29 30
N 489 0 8 10 11 14 15 17 19 21 23 24 26 28 31
N 490 0 8 10 11 14 15 17 19 21 22 25 27 28 30
N 491 0 8 10 11 14 15 17 19 21 22 25 26 29 30
N 492 0 8 10 11 14 15 17 19 21 22 25 26 28 31
N 493 0 8 10 11 14 15 17 19 21 22 24 27 29 30
N 494 0 8 10 11 14 15 17 19 21 22 24 27 28 31
N 495 0 8 10 11 14 15 17 19 21 22 24 26 29 31
N 496 0 8 10 12 13 15 17 18 19 23 25 26 28 30
N 497 0 8 10 12 13 15 17 18 19 23 24 27 28 30
N 498 0 8 10 12 13 15 17 18 19 23 24 26 29 30
N 499 0 8 10 12 13 15 17 18 19 23 24 26 28 31
N 500 0 8 10 12 13 15 17 18 20 23 25 26 28 30
N 501 0 8 10 12 13 15 17 18 20 23 24 27 28 30
N 502 0 8 10 12 13 15 17 18 20 23 24 26 29 30
N 503 0 8 10 12 13 15 17 18 20 23 24 26 28 31
N 504 0 8 10 12 13 15 17 18 19 22 25 27 28 30
N 505 0 8 10 12 13 15 17 18 19 22 25 26 29 30
N 506 0 8 10 12 13 15 17 18 19 22 25 26 28 31
N 507 0 8 10 12 13 15 17 18 20 22 25 27 28 30
N 508 0 8 10 12 13 15 17 18 20 22 25 26 29 30
N 509 0 8 10 12 13 15 17 18 20 22 25 26 28 31
N 510 0 8 10 12 13 15 17 18 19 22 24 27 29 30
N 511 0 8 10 12 13 15 17 18 19 22 24 27 28 31
N 512 0 8 10 12 13 15 17 18 20 22 24 27 29 30
N 513 0 8 10 12 13 15 17 18 20 22 24 27 28 31
N 514 0 8 10 12 13 15 17 18 19 22 24 26 29 31
N 515 0 8 10 12 13 15 17 18 20 22 24 26 29 31
N 516 0 8 10 12 13 15 17 18 21 23 25 26 28 30
N 517 0 8 10 12 13 15 17 18 21 23 24 27 28 30
N 518 0 8 10 12 13 15 17 18 21 23 24 26 29 30
N 519 0 8 10 12 13 15 17 18 21 23 24 26 28 31
N 520 0 8 10 12 13 15 17 18 21 22 25 27 28 30
N 521 0 8 10 12 13 15 17 18 21 22 25 26 29 30
N 522 0 8 10 12 13 15 17 18 21 22 25 26 28 31
N 523 0 8 10 12 13 15 17 18 21 22 24 27 29 30
N 524 0 8 10 12 13 15 17 18 21 22 24 27 28 31
N 525 0 8 10 12 13 15 17 18 21 22 24 26 29 31
N 526 0 8 9 12 14 15 17 18 20 23 25 26 28 30
N 527 0 8 9 12 14 15 17 18 20 23 24 27 28 30
N 528 0 8 9 12 14 15 17 18 20 23 24 26 29 30
N 529 0 8 9 12 14 15 17 18 20 23 24 26 28 31
N 530 0 8 9 12 14 15 17 19 20 23 25 26 28 30
N 531 0 8 9 12 14 15 17 19 20 23 24 27 28 30
N 532 0 8 9 12 14 15 17 19 20 23 24 26 29 30
N 533 0 8 9 12 14 15 17 19 20 23 24 26 28 31
N 534 0 8 9 12 14 15 17 18 20 22 25 27 28 30
N 535 0 8 9 12 14 15 17 18 20 22 25 26 29 30
N 536 0 8 9 12 14 15 17 18 20 22 25 26 28 31
N 537 0 8 9 12 14 15 17 19 20 22 25 27 28 30
N 538 0 8 9 12 14 15 17 19 20 22 25 26 29 30
N 539 0 8 9 12 14 15 17 19 20 22 25 26 28 31
N 540 0 8 9 12 14 15 17 18 20 22 24 27 29 30
N 541 0 8 9 12 14 15 17 18 20 22 24 27 28 31
N 542 0 8 9 12 14 15 17 19 20 22 24 27 29 30
N 543 0 8 9 12 14 15 17 19 20 22 24 27 28 31
N 544 0 8 9 12 14 15 17 18 20 22 24 26 29 31
N 545 0 8 9 12 14 15 17 19 20 22 24 26 29 31
N 546 0 8 9 12 14 15 17 20 21 23 25 26 28 30
N 547 0 8 9 12 14 15 17 20 21 23 24 27 28 30
N 548 0 8 9 12 14 15 17 20 21 23 24 26 29 30
N 549 0 8 9 12 14 15 17 20 21 23 24 26 28 31
N 550 0 8 9 12 14 15 17 20 21 22 25 27 28 30
N 551 0 8 9 12 14 15 17 20 21 22 25 26 29 30
N 552 0 8 9 12 14 15 17 20 21 22 25 26 28 31
N 553 0 8 9 12 14 15 17 20 21 22 24 27 29 30
N 554 0 8 9 12 14 15 17 20 21 22 24 27 28 31
N 555 0 8 9 12 14 15 17 20 21 22 24 26 29 31
N 556 0 8 10 12 14 15 17 18 19 20 23 24 26 28 30
N 557 0 8 10 12 14 15 17 18 19 20 22 25 26 28 30
N 558 0 8 10 12 14 15 17 18 19 20 22 24 27 28 30
N 559 0 8 10 12 14 15 17 18 19 20 22 24 26 29 30
N 560 0 8 10 12 14 15 17 18 19 20 22 24 26 28 31
N 561 0 8 10 12 14 15 17 18 19 21 23 24 26 28 30
N 562 0 8 10 12 14 15 17 18 19 21 22 25 26 28 30
N 563 0 8 10 12 14 15 17 18 19 21 22 24 27 28 30
N 564 0 8 10 12 14 15 17 18 19 21 22 24 26 29 30
N 565 0 8 10 12 14 15 17 18 19 21 22 24 26 28 31
N 566 0 8 10 12 14 15 17 18 20 21 23 24 26 28 30
N 567 0 8 10 12 14 15 17 18 20 21 22 25 26 28 30
N 568 0 8 10 12 14 15 17 18 20 21 22 24 27 28 30
N 569 0 8 10 12 14 15 17 18 20 21 22 24 26 29 30
N 570 0 8 10 12 14 15 17 18 20 21 22 24 26 28 31
N 571 0 8 10 12 14 15 17 19 20 21 23 24 26 28 30
N 572 0 8 10 12 14 15 17 19 20 21 22 25 26 28 30
N 573 0 8 10 12 14 15 17 19 20 21 22 24 27 28 30
N 574 0 8 10 12 14 15 17 19 20 21 22 24 26 29 30
N 575 0 8 10 12 14 15 17 19 20 21 22 24 26 28 31
N 576 0 7 10 12 14 15 17 18 21 23 25 26 28 30
N 577 0 7 10 12 14 15 17 18 21 23 24 27 28 30
N 578 0 7 10 12 14 15 17 18 21 23 24 26 29 30
N 579 0 7 10 12 14 15 17 18 21 23 24 26 28 31
N 580 0 7 10 12 14 15 17 19 21 23 25 26 28 30
N 581 0 7 10 12 14 15 17 19 21 23 24 27 28 30
N 582 0 7 10 12 14 15 17 19 21 23 24 26 29 30
N 583 0 7 10 12 14 15 17 19 21 23 24 26 28 31
N 584 0 7 10 12 14 15 17 18 21 22 25 27 28 30
N 585 0 7 10 12 14 15 17 18 21 22 25 26 29 30
N 586 0 7 10 12 14 15 17 18 21 22 25 26 28 31
N 587 0 7 10 12 14 15 17 19 21 22 25 27 28 30
N 588 0 7 10 12 14 15 17 19 21 22 25 26 29 30
N 589 0 7 10 12 14 15 17 19 21 22 25 26 28 31
N 590 0 7 10 12 14 15 17 18 21 22 24 27 29 30
N 591 0 7 10 12 14 15 17 18 21 22 24 27 28 31
N 592 0 7 10 12 14 15 17 19 21 22 24 27 29 30
N 593 0 7 10 12 14 15 17 19 21 22 24 27 28 31
N 594 0 7 10 12 14 15 17 18 21 22 24 26 29 31
N 595 0 7 10 12 14 15 17 19 21 22 24 26 29 31
N 596 0 7 10 12 14 15 17 20 21 23 25 26 28 30
N 597 0 7 10 12 14 15 17 20 21 23 24 27 28 30
N 598 0 7 10 12 14 15 17 20 21 23 24 26 29 30
N 599 0 7 10 12 14 15 17 20 21 23 24 26 28 31
N 600 0 7 10 12 14 15 17 20 21 22 25 27 28 30
N 601 0 7 10 12 14 15 17 20 21 22 25 26 29 30
N 602 0 7 10 12 14 15 17 20 21 22 25 26 28 31
N 603 0 7 10 12 14 15 17 20 21 22 24 27 29 30
N 604 0 7 10 12 14 15 17 20 21 22 24 27 28 31
N 605 0 7 10 12 14 15 17 20 21 22 24 26 29 31
N 606 0 7 10 11 14 16 17 19 21 23 25 26 28 30
N 607 0 7 10 11 14 16 17 19 21 23 24 27 28 30
N 608 0 7 10 11 14 16 17 19 21 23 24 26 29 30
N 609 0 7 10 11 14 16 17 19 21 23 24 26 28 31
N 610 0 7 10 11 14 16 18 19 21 23 25 26 28 30
N 611 0 7 10 11 14 16 18 19 21 23 24 27 28 30
N 612 0 7 10 11 14 16 18 19 21 23 24 26 29 30
N 613 0 7 10 11 14 16 18 19 21 23 24 26 28 31
N 614 0 7 10 11 14 16 17 19 21 22 25 27 28 30
N 615 0 7 10 11 14 16 17 19 21 22 25 26 29 30
N 616 0 7 10 11 14 16 17 19 21 22 25 26 28 31
N 617 0 7 10 11 14 16 18 19 21 22 25 27 28 30
N 618 0 7 10 11 14 16 18 19 21 22 25 26 29 30
N 619 0 7 10 11 14 16 18 19 21 22 25 26 28 31
N 620 0 7 10 11 14 16 17 19 21 22 24 27 29 30
N 621 0 7 10 11 14 16 17 19 21 22 24 27 28 31
N 622 0 7 10 11 14 16 18 19 21 22 24 27 29 30
N 623 0 7 10 11 14 16 18 19 21 22 24 27 28 31
N 624 0 7 10 11 14 16 17 19 21 22 24 26 29 31
N 625 0 7 10 11 14 16 18 19 21 22 24 26 29 31
N 626 0 7 10 11 14 16 19 20 21 23 25 26 28 30
N 627 0 7 10 11 14 16 19 20 21 23 24 27 28 30
N 628 0 7 10 11 14 16 19 20 21 23 24 26 29 30
N 629 0 7 10 11 14 16 19 20 21 23 24 26 28 31
N 630 0 7 10 11 14 16 19 20 21 22 25 27 28 30
N 631 0 7 10 11 14 16 19 20 21 22 25 26 29 30
N 632 0 7 10 11 14 16 19 20 21 22 25 26 28 31
N 633 0 7 10 11 14 16 19 20 21 22 24 27 29 30
N 634 0 7 10 11 14 16 19 20 21 22 24 27 28 31
N 635 0 7 10 11 14 16 19 20 21 22 24 26 29 31
N 636 0 8 10 11 13 16 17 18 19 23 25 26 28 30
N 637 0 8 10 11 13 16 17 18 19 23 24 27 28 30
N 638 0 8 10 11 13 16 17 18 19 23 24 26 29 30
N 639 0 8 10 11 13 16 17 18 19 23 24 26 28 31
N 640 0 8 10 11 13 16 18 19 20 23 25 26 28 30
N 641 0 8 10 11 13 16 18 19 20 23 24 27 28 30
N 642 0 8 10 11 13 16 18 19 20 23 24 26 29 30
N 643 0 8 10 11 13 16 18 19 20 23 24 26 28 31
N 644 0 8 10 11 13 16 17 18 19 22 25 27 28 30
N 645 0 8 10 11 13 16 17 18 19 22 25 26 29 30
N 646 0 8 10 11 13 16 17 18 19 22 25 26 28 31
N 647 0 8 10 11 13 16 18 19 20 22 25 27 28 30
N 648 0 8 10 11 13 16 18 19 20 22 25 26 29 30
N 649 0 8 10 11 13 16 18 19 20 22 25 26 28 31
N 650 0 8 10 11 13 16 17 18 19 22 24 27 29 30
N 651 0 8 10 11 13 16 17 18 19 22 24 27 28 31
N 652 0 8 10 11 13 16 18 19 20 22 24 27 29 30
N 653 0 8 10 11 13 16 18 19 20 22 24 27 28 31
N 654 0 8 10 11 13 16 17 18 19 22 24 26 29 31
N 655 0 8 10 11 13 16 18 19 20 22 24 26 29 31
N 656 0 8 10 11 13 16 18 19 21 23 25 26 28 30
N 657 0 8 10 11 13 16 18 19 21 23 24 27 28 30
N 658 0 8 10 11 13 16 18 19 21 23 24 26 29 30
N 659 0 8 10 11 13 16 18 19 21 23 24 26 28 31
N 660 0 8 10 11 13 16 18 19 21 22 25 27 28 30
N 661 0 8 10 11 13 16 18 19 21 22 25 26 29 30
N 662 0 8 10 11 13 16 18 19 21 22 25 26 28 31
N 663 0 8 10 11 13 16 18 19 21 22 24 27 29 30
N 664 0 8 10 11 13 16 18 19 21 22 24 27 28 31
N 665 0 8 10 11 13 16 18 19 21 22 24 26 29 31
N 666 0 8 9 11 14 16 17 19 20 23 25 26 28 30
N 667 0 8 9 11 14 16 17 19 20 23 24 27 28 30
N 668 0 8 9 11 14 16 17 19 20 23 24 26 29 30
N 669 0 8 9 11 14 16 17 19 20 23 24 26 28 31
N 670 0 8 9 11 14 16 18 19 20 23 25 26 28 30
N 671 0 8 9 11 14 16 18 19 20 23 24 27 28 30
N 672 0 8 9 11 14 16 18 19 20 23 24 26 29 30
N 673 0 8 9 11 14 16 18 19 20 23 24 26 28 31
N 674 0 8 9 11 14 16 17 19 20 22 25 27 28 30
N 675 0 8 9 11 14 16 17 19 20 22 25 26 29 30
N 676 0 8 9 11 14 16 17 19 20 22 25 26 28 31
N 677 0 8 9 11 14 16 18 19 20 22 25 27 28 30
N 678 0 8 9 11 14 16 18 19 20 22 25 26 29 30
N 679 0 8 9 11 14 16 18 19 20 22 25 26 28 31
N 680 0 8 9 11 14 16 17 19 20 22 24 27 29 30
N 681 0 8 9 11 14 16 17 19 20 22 24 27 28 31
N 682 0 8 9 11 14 16 18 19 20 22 24 27 29 30
N 683 0 8 9 11 14 16 18 19 20 22 24 27 28 31
N 684 0 8 9 11 14 16 17 19 20 22 24 26 29 31
N 685 0 8 9 11 14 16 18 19 20 22 24 26 29 31
N 686 0 8 9 11 14 16 19 20 21 23 25 26 28 30
N 687 0 8 9 11 14 16 19 20 21 23 24 27 28 30
N 688 0 8 9 11 14 16 19 20 21 23 24 26 29 30
N 689 0 8 9 11 14 16 19 20 21 23 24 26 28 31
N 690 0 8 9 11 14 16 19 20 21 22 25 27 28 30
N 691 0 8 9 11 14 16 19 20 21 22 25 26 29 30
N 692 0 8 9 11 14 16 19 20 21 22 25 26 28 31
N 693 0 8 9 11 14 16 19 20 21 22 24 27 29 30
N 694 0 8 9 11 14 16 19 20 21 22 24 27 28 31
N 695 0 8 9 11 14 16 19 20 21 22 24 26 29 31
N 696 0 8 10 11 14 16 17 18 19 20 23 24 26 28 30
N 697 0 8 10 11 14 16 17 18 19 20 22 25 26 28 30
N 698 0 8 10 11 14 16 17 18 19 20 22 24 27 28 30
N 699 0 8 10 11 14 16 17 18 19 20 22 24 26 29 30
N 700 0 8 10 11 14 16 17 18 19 20 22 24 26 28 31
N 701 0 8 10 11 14 16 17 18 19 21 23 24 26 28 30
N 702 0 8 10 11 14 16 17 18 19 21 22 25 26 28 30
N 703 0 8 10 11 14 16 17 18 19 21 22 24 27 28 30
N 704 0 8 10 11 14 16 17 18 19 21 22 24 26 29 30
N 705 0 8 10 11 14 16 17 18 19 21 22 24 26 28 31
N 706 0 8 10 11 14 16 17 19 20 21 23 24 26 28 30
N 707 0 8 10 11 14 16 17 19 20 21 22 25 26 28 30
N 708 0 8 10 11 14 16 17 19 20 21 22 24 27 28 30
N 709 0 8 10 11 14 16 17 19 20 21 22 24 26 29 30
N 710 0 8 10 11 14 16 17 19 20 21 22 24 26 28 31
N 711 0 8 10 11 14 16 18 19 20 21 23 24 26 28 30
N 712 0 8 10 11 14 16 18 19 20 21 22 25 26 28 30
N 713 0 8 10 11 14 16 18 19 20 21 22 24 27 28 30
N 714 0 8 10 11 14 16 18 19 20 21 22 24 26 29 30
N 715 0 8 10 11 14 16 18 19 20 21 22 24 26 28 31
N 716 0 8 9 12 13 16 17 18 20 23 25 26 28 30
N 717 0 8 9 12 13 16 17 18 20 23 24 27 28 30
N 718 0 8 9 12 13 16 17 18 20 23 24 26 29 30
N 719 0 8 9 12 13 16 17 18 20 23 24 26 28 31
N 720 0 8 9 12 13 16 18 19 20 23 25 26 28 30
N 721 0 8 9 12 13 16 18 19 20 23 24 27 28 30
N 722 0 8 9 12 13 16 18 19 20 23 24 26 29 30
N 723 0 8 9 12 13 16 18 19 20 23 24 26 28 31
N 724 0 8 9 12 13 16 17 18 20 22 25 27 28 30
N 725 0 8 9 12 13 16 17 18 20 22 25 26 29 30
N 726 0 8 9 12 13 16 17 18 20 22 25 26 28 31
N 727 0 8 9 12 13 16 18 19 20 22 25 27 28 30
N 728 0 8 9 12 13 16 18 19 20 22 25 26 29 30
N 729 0 8 9 12 13 16 18 19 20 22 25 26 28 31
N 730 0 8 9 12 13 16 17 18 20 22 24 27 29 30
N 731 0 8 9 12 13 16 17 18 20 22 24 27 28 31
N 732 0 8 9 12 13 16 18 19 20 22 24 27 29 30
N 733 0 8 9 12 13 16 18 19 20 22 24 27 28 31
N 734 0 8 9 12 13 16 17 18 20 22 24 26 29 31
N 735 0 8 9 12 13 16 18 19 20 22 24 26 29 31
N 736 0 8 9 12 13 16 18 20 21 23 25 26 28 30
N 737 0 8 9 12 13 16 18 20 21 23 24 27 28 30
N 738 0 8 9 12 13 16 18 20 21 23 24 26 29 30
N 739 0 8 9 12 13 16 18 20 21 23 24 26 28 31
N 740 0 8 9 12 13 16 18 20 21 22 25 27 28 30
N 741 0 8 9 12 13 16 18 20 21 22 25 26 29 30
N 742 0 8 9 12 13 16 18 20 21 22 25 26 28 31
N 743 0 8 9 12 13 16 18 20 21 22 24 27 29 30
N 744 0 8 9 12 13 16 18 20 21 22 24 27 28 31
N 745 0 8 9 12 13 16 18 20 21 22 24 26 29 31
N 746 0 8 10 12 13 16 17 18 19 20 23 24 26 28 30
N 747 0 8 10 12 13 16 17 18 19 20 22 25 26 28 30
N 748 0 8 10 12 13 16 17 18 19 20 22 24 27 28 30
N 749 0 8 10 12 13 16 17 18 19 20 22 24 26 29 30
N 750 0 8 10 12 13 16 17 18 19 20 22 24 26 28 31
N 751 0 8 10 12 13 16 17 18 19 21 23 24 26 28 30
N 752 0 8 10 12 13 16 17 18 19 21 22 25 26 28 30
N 753 0 8 10 12 13 16 17 18 19 21 22 24 27 28 30
N 754 0 8 10 12 13 16 17 18 19 21 22 24 26 29 30
N 755 0 8 10 12 13 16 17 18 19 21 22 24 26 28 31
N 756 0 8 10 12 13 16 17 18 20 21 23 24 26 28 30
N 757 0 8 10 12 13 16 17 18 20 21 22 25 26 28 30
N 758 0 8 10 12 13 16 17 18 20 21 22 24 27 28 30
N 759 0 8 10 12 13 16 17 18 20 21 22 24 26 29 30
N 760 0 8 10 12 13 16 17 18 20 21 22 24 26 28 31
N 761 0 8 10 12 13 16 18 19 20 21 23 24 26 28 30
N 762 0 8 10 12 13 16 18 19 20 21 22 25 26 28 30
N 763 0 8 10 12 13 16 18 19 20 21 22 24 27 28 30
N 764 0 8 10 12 13 16 18 19 20 21 22 24 26 29 30
N 765 0 8 10 12 13 16 18 19 20 21 22 24 26 28 31
N 766 0 8 9 12 14 16 17 18 19 20 23 24 26 28 30
N 767 0 8 9 12 14 16 17 18 19 20 22 25 26 28 30
N 768 0 8 9 12 14 16 17 18 19 20 22 24 27 28 30
N 769 0 8 9 12 14 16 17 18 19 20 22 24 26 29 30
N 770 0 8 9 12 14 16 17 18 19 20 22 24 26 28 31
N 771 0 8 9 12 14 16 17 18 20 21 23 24 26 28 30
N 772 0 8 9 12 14 16 17 18 20 21 22 25 26 28 30
N 773 0 8 9 12 14 16 17 18 20 21 22 24 27 28 30
N 774 0 8 9 12 14 16 17 18 20 21 22 24 26 29 30
N 775 0 8 9 12 14 16 17 18 20 21 22 24 26 28 31
N 776 0 8 9 12 14 16 17 19 20 21 23 24 26 28 30
N 777 0 8 9 12 14 16 17 19 20 21 22 25 26 28 30
N 778 0 8 9 12 14 16 17 19 20 21 22 24 27 28 30
N 779 0 8 9 12 14 16 17 19 20 21 22 24 26 29 30
N 780 0 8 9 12 14 16 17 19 20 21 22 24 26 28 31
N 781 0 8 9 12 14 16 18 19 20 21 23 24 26 28 30
N 782 0 8 9 12 14 16 18 19 20 21 22 25 26 28 30
N 783 0 8 9 12 14 16 18 19 20 21 22 24 27 28 30
N 784 0 8 9 12 14 16 18 19 20 21 22 24 26 29 30
N 785 0 8 9 12 14 16 18 19 20 21 22 24 26 28 31
N 786 0 8 10 12 14 16 17 18 19 20 21 22 24 26 28 30
N 787 0 7 10 12 13 16 17 18 21 23 25 26 28 30
N 788 0 7 10 12 13 16 17 18 21 23 24 27 28 30
N 789 0 7 10 12 13 16 17 18 21 23 24 26 29 30
N 790 0 7 10 12 13 16 17 18 21 23 24 26 28 31
N 791 0 7 10 12 13 16 18 19 21 23 25 26 28 30
N 792 0 7 10 12 13 16 18 19 21 23 24 27 28 30
N 793 0 7 10 12 13 16 18 19 21 23 24 26 29 30
N 794 0 7 10 12 13 16 18 19 21 23 24 26 28 31
N 795 0 7 10 12 13 16 17 18 21 22 25 27 28 30
N 796 0 7 10 12 13 16 17 18 21 22 25 26 29 30
N 797 0 7 10 12 13 16 17 18 21 22 25 26 28 31
N 798 0 7 10 12 13 16 18 19 21 22 25 27 28 30
N 799 0 7 10 12 13 16 18 19 21 22 25 26 29 30
N 800 0 7 10 12 13 16 18 19 21 22 25 26 28 31
N 801 0 7 10 12 13 16 17 18 21 22 24 27 29 30
N 802 0 7 10 12 13 16 17 18 21 22 24 27 28 31
N 803 0 7 10 12 13 16 18 19 21 22 24 27 29 30
N 804 0 7 10 12 13 16 18 19 21 22 24 27 28 31
N 805 0 7 10 12 13 16 17 18 21 22 24 26 29 31
N 806 0 7 10 12 13 16 18 19 21 22 24 26 29 31
N 807 0 7 10 12 13 16 18 20 21 23 25 26 28 30
N 808 0 7 10 12 13 16 18 20 21 23 24 27 28 30
N 809 0 7 10 12 13 16 18 20 21 23 24 26 29 30
N 810 0 7 10 12 13 16 18 20 21 23 24 26 28 31
N 811 0 7 10 12 13 16 18 20 21 22 25 27 28 30
N 812 0 7 10 12 13 16 18 20 21 22 25 26 29 30
N 813 0 7 10 12 13 16 18 20 21 22 25 26 28 31
N 814 0 7 10 12 13 16 18 20 21 22 24 27 29 30
N 815 0 7 10 12 13 16 18 20 21 22 24 27 28 31
N 816 0 7 10 12 13 16 18 20 21 22 24 26 29 31
N 817 0 7 9 12 14 16 17 20 21 23 25 26 28 30
N 818 0 7 9 12 14 16 17 20 21 23 24 27 28 30
N 819 0 7 9 12 14 16 17 20 21 23 24 26 29 30
N 820 0 7 9 12 14 16 17 20 21 23 24 26 28 31
N 821 0 7 9 12 14 16 18 20 21 23 25 26 28 30
N 822 0 7 9 12 14 16 18 20 21 23 24 27 28 30
N 823 0 7 9 12 14 16 18 20 21 23 24 26 29 30
N 824 0 7 9 12 14 16 18 20 21 23 24 26 28 31
N 825 0 7 9 12 14 16 17 20 21 22 25 27 28 30
N 826 0 7 9 12 14 16 17 20 21 22 25 26 29 30
N 827 0 7 9 12 14 16 17 20 21 22 25 26 28 31
N 828 0 7 9 12 14 16 18 20 21 22 25 27 28 30
N 829 0 7 9 12 14 16 18 20 21 22 25 26 29 30
N 830 0 7 9 12 14 16 18 20 21 22 25 26 28 31
N 831 0 7 9 12 14 16 17 20 21 22 24 27 29 30
N 832 0 7 9 12 14 16 17 20 21 22 24 27 28 31
N 833 0 7 9 12 14 16 18 20 21 22 24 27 29 30
N 834 0 7 9 12 14 16 18 20 21 22 24 27 28 31
N 835 0 7 9 12 14 16 17 20 21 22 24 26 29 31
N 836 0 7 9 12 14 16 18 20 21 22 24 26 29 31
N 837 0 7 9 12 14 16 19 20 21 23 25 26 28 30
N 838 0 7 9 12 14 16 19 20 21 23 24 27 28 30
N 839 0 7 9 12 14 16 19 20 21 23 24 26 29 30
N 840 0 7 9 12 14 16 19 20 21 23 24 26 28 31
N 841 0 7 9 12 14 16 19 20 21 22 25 27 28 30
N 842 0 7 9 12 14 16 19 20 21 22 25 26 29 30
N 843 0 7 9 12 14 16 19 20 21 22 25 26 28 31
N 844 0 7 9 12 14 16 19 20 21 22 24 27 29 30
N 845 0 7 9 12 14 16 19 20 21 22 24 27 28 31
N 846 0 7 9 12 14 16 19 20 21 22 24 26 29 31
N 847 0 7 10 12 14 16 17 18 19 21 23 24 26 28 30
N 848 0 7 10 12 14 16 17 18 19 21 22 25 26 28 30
N 849 0 7 10 12 14 16 17 18 19 21 22 24 27 28 30
N 850 0 7 10 12 14 16 17 18 19 21 22 24 26 29 30
N 851 0 7 10 12 14 16 17 18 19 21 22 24 26 28 31
N 852 0 7 10 12 14 16 17 18 20 21 23 24 26 28 30
N 853 0 7 10 12 14 16 17 18 20 21 22 25 26 28 30
N 854 0 7 10 12 14 16 17 18 20 21 22 24 27 28 30
N 855 0 7 10 12 14 16 17 18 20 21 22 24 26 29 30
N 856 0 7 10 12 14 16 17 18 20 21 22 24 26 28 31
N 857 0 7 10 12 14 16 17 19 20 21 23 24 26 28 30
N 858 0 7 10 12 14 16 17 19 20 21 22 25 26 28 30
N 859 0 7 10 12 14 16 17 19 20 21 22 24 27 28 30
N 860 0 7 10 12 14 16 17 19 20 21 22 24 26 29 30
N 861 0 7 10 12 14 16 17 19 20 21 22 24 26 28 31
N 862 0 7 10 12 14 16 18 19 20 21 23 24 26 28 30
N 863 0 7 10 12 14 16 18 19 20 21 22 25 26 28 30
N 864 0 7 10 12 14 16 18 19 20 21 22 24 27 28 30
N 865 0 7 10 12 14 16 18 19 20 21 22 24 26 29 30
N 866 0 7 10 12 14 16 18 19 20 21 22 24 26 28 31
N 867 0 8 10 11 14 15 17 19 23 25 27 28 30
N 868 0 8 10 11 14 15 17 19 23 25 26 29 30
N 869 0 8 10 11 14 15 17 19 23 25 26 28 31
N 870 0 8 10 11 14 15 17 19 23 24 27 29 30
N 871 0 8 10 11 14 15 17 19 23 24 27 28 31
N 872 0 8 10 11 14 15 17 19 23 24 26 29 31
N 873 0 8 10 11 14 15 17 19 22 25 27 29 30
N 874 0 8 10 11 14 15 17 19 22 25 27 28 31
N 875 0 8 10 11 14 15 17 19 22 25 26 29 31
N 876 0 8 10 11 14 15 17 19 22 24 27 29 31
N 877 0 8 10 12 13 15 17 18 23 25 27 28 30
N 878 0 8 10 12 13 15 17 18 23 25 26 29 30
N 879 0 8 10 12 13 15 17 18 23 25 26 28 31
N 880 0 8 10 12 13 15 17 18 23 24 27 29 30
N 881 0 8 10 12 13 15 17 18 23 24 27 28 31
N 882 0 8 10 12 13 15 17 18 23 24 26 29 31
N 883 0 8 10 12 13 15 17 18 22 25 27 29 30
N 884 0 8 10 12 13 15 17 18 22 25 27 28 31
N 885 0 8 10 12 13 15 17 18 22 25 26 29 31
N 886 0 8 10 12 13 15 17 18 22 24 27 29 31
N 887 0 8 9 12 14 15 17 20 23 25 27 28 30
N 888 0 8 9 12 14 15 17 20 23 25 26 29 30
N 889 0 8 9 12 14 15 17 20 23 25 26 28 31
N 890 0 8 9 12 14 15 17 20 23 24 27 29 30
N 891 0 8 9 12 14 15 17 20 23 24 27 28 31
N 892 0 8 9 12 14 15 17 20 23 24 26 29 31
N 893 0 8 9 12 14 15 17 20 22 25 27 29 30
N 894 0 8 9 12 14 15 17 20 22 25 27 28 31
N 895 0 8 9 12 14 15 17 20 22 25 26 29 31
N 896 0 8 9 12 14 15 17 20 22 24 27 29 31
N 897 0 8 10 12 14 15 17 18 19 23 25 26 28 30
N 898 0 8 10 12 14 15 17 18 19 23 24 27 28 30
N 899 0 8 10 12 14 15 17 18 19 23 24 26 29 30
N 900 0 8 10 12 14 15 17 18 19 23 24 26 28 31
N 901 0 8 10 12 14 15 17 18 20 23 25 26 28 30
N 902 0 8 10 12 14 15 17 18 20 23 24 27 28 30
N 903 0 8 10 12 14 15 17 18 20 23 24 26 29 30
N 904 0 8 10 12 14 15 17 18 20 23 24 26 28 31
N 905 0 8 10 12 14 15 17 19 20 23 25 26 28 30
N 906 0 8 10 12 14 15 17 19 20 23 24 27 28 30
N 907 0 8 10 12 14 15 17 19 20 23 24 26 29 30
N 908 0 8 10 12 14 15 17 19 20 23 24 26 28 31
N 909 0 8 10 12 14 15 17 18 19 22 25 27 28 30
N 910 0 8 10 12 14 15 17 18 19 22 25 26 29 30
N 911 0 8 10 12 14 15 17 18 19 22 25 26 28 31
N 912 0 8 10 12 14 15 17 18 20 22 25 27 28 30
N 913 0 8 10 12 14 15 17 18 20 22 25 26 29 30
N 914 0 8 10 12 14 15 17 18 20 22 25 26 28 31
N 915 0 8 10 12 14 15 17 19 20 22 25 27 28 30
N 916 0 8 10 12 14 15 17 19 20 22 25 26 29 30
N 917 0 8 10 12 14 15 17 19 20 22 25 26 28 31
N 918 0 8 10 12 14 15 17 18 19 22 24 27 29 30
N 919 0 8 10 12 14 15 17 18 19 22 24 27 28 31
N 920 0 8 10 12 14 15 17 18 20 22 24 27 29 30
N 921 0 8 10 12 14 15 17 18 20 22 24 27 28 31
N 922 0 8 10 12 14 15 17 19 20 22 24 27 29 30
N 923 0 8 10 12 14 15 17 19 20 22 24 27 28 31
N 924 0 8 10 12 14 15 17 18 19 22 24 26 29 31
N 925 0 8 10 12 14 15 17 18 20 22 24 26 29 31
N 926 0 8 10 12 14 15 17 19 20 22 24 26 29 31
N 927 0 8 10 12 14 15 17 18 21 23 25 26 28 30
N 928 0 8 10 12 14 15 17 18 21 23 24 27 28 30
N 929 0 8 10 12 14 15 17 18 21 23 24 26 29 30
N 930 0 8 10 12 14 15 17 18 21 23 24 26 28 31
N 931 0 8 10 12 14 15 17 19 21 23 25 26 28 30
N 932 0 8 10 12 14 15 17 19 21 23 24 27 28 30
N 933 0 8 10 12 14 15 17 19 21 23 24 26 29 30
N 934 0 8 10 12 14 15 17 19 21 23 24 26 28 31
N 935 0 8 10 12 14 15 17 18 21 22 25 27 28 30
N 936 0 8 10 12 14 15 17 18 21 22 25 26 29 30
N 937 0 8 10 12 14 15 17 18 21 22 25 26 28 31
N 938 0 8 10 12 14 15 17 19 21 22 25 27 28 30
N 939 0 8 10 12 14 15 17 19 21 22 25 26 29 30
N 940 0 8 10 12 14 15 17 19 21 22 25 26 28 31
N 941 0 8 10 12 14 15 17 18 21 22 24 27 29 30
N 942 0 8 10 12 14 15 17 18 21 22 24 27 28 31
N 943 0 8 10 12 14 15 17 19 21 22 24 27 29 30
N 944 0 8 10 12 14 15 17 19 21 22 24 27 28 31
N 945 0 8 10 12 14 15 17 18 21 22 24 26 29 31
N 946 0 8 10 12 14 15 17 19 21 22 24 26 29 31
N 947 0 8 10 12 14 15 17 20 21 23 25 26 28 30
N 948 0 8 10 12 14 15 17 20 21 23 24 27 28 30
N 949 0 8 10 12 14 15 17 20 21 23 24 26 29 30
N 950 0 8 10 12 14 15 17 20 21 23 24 26 28 31
N 951 0 8 10 12 14 15 17 20 21 22 25 27 28 30
N 952 0 8 10 12 14 15 17 20 21 22 25 26 29 30
N 953 0 8 10 12 14 15 17 20 21 22 25 26 28 31
N 954 0 8 10 12 14 15 17 20 21 22 24 27 29 30
N 955 0 8 10 12 14 15 17 20 21 22 24 27 28 31
N 956 0 8 10 12 14 15 17 20 21 22 24 26 29 31
N 957 0 7 10 12 14 15 17 21 23 25 27 28 30
N 958 0 7 10 12 14 15 17 21 23 25 26 29 30
N 959 0 7 10 12 14 15 17 21 23 25 26 28 31
N 960 0 7 10 12 14 15 17 21 23 24 27 29 30
N 961 0 7 10 12 14 15 17 21 23 24 27 28 31
N 962 0 7 10 12 14 15 17 21 23 24 26 29 31
N 963 0 7 10 12 14 15 17 21 22 25 27 29 30
N 964 0 7 10 12 14 15 17 21 22 25 27 28 31
N 965 0 7 10 12 14 15 17 21 22 25 26 29 31
N 966 0 7 10 12 14 15 17 21 22 24 27 29 31
N 967 0 7 10 11 14 16 19 21 23 25 27 28 30
N 968 0 7 10 11 14 16 19 21 23 25 26 29 30
N 969 0 7 10 11 14 16 19 21 23 25 26 28 31
N 970 0 7 10 11 14 16 19 21 23 24 27 29 30
N 971 0 7 10 11 14 16 19 21 23 24 27 28 31
N 972 0 7 10 11 14 16 19 21 23 24 26 29 31
N 973 0 7 10 11 14 16 19 21 22 25 27 29 30
N 974 0 7 10 11 14 16 19 21 22 25 27 28 31
N 975 0 7 10 11 14 16 19 21 22 25 26 29 31
N 976 0 7 10 11 14 16 19 21 22 24 27 29 31
N 977 0 8 10 11 13 16 18 19 23 25 27 28 30
N 978 0 8 10 11 13 16 18 19 23 25 26 29 30
N 979 0 8 10 11 13 16 18 19 23 25 26 28 31
N 980 0 8 10 11 13 16 18 19 23 24 27 29 30
N 981 0 8 10 11 13 16 18 19 23 24 27 28 31
N 982 0 8 10 11 13 16 18 19 23 24 26 29 31
N 983 0 8 10 11 13 16 18 19 22 25 27 29 30
N 984 0 8 10 11 13 16 18 19 22 25 27 28 31
N 985 0 8 10 11 13 16 18 19 22 25 26 29 31
N 986 0 8 10 11 13 16 18 19 22 24 27 29 31
N 987 0 8 9 11 14 16 19 20 23 25 27 28 30
N 988 0 8 9 11 14 16 19 20 23 25 26 29 30
N 989 0 8 9 11 14 16 19 20 23 25 26 28 31
N 990 0 8 9 11 14 16 19 20 23 24 27 29 30
N 991 0 8 9 11 14 16 19 20 23 24 27 28 31
N 992 0 8 9 11 14 16 19 20 23 24 26 29 31
N 993 0 8 9 11 14 16 19 20 22 25 27 29 30
N 994 0 8 9 11 14 16 19 20 22 25 27 28 31
N 995 0 8 9 11 14 16 19 20 22 25 26 29 31
N 996 0 8 9 11 14 16 19 20 22 24 27 29 31
N 997 0 8 10 11 14 16 17 18 19 23 25 26 28 30
N 998 0 8 10 11 14 16 17 18 19 23 24 27 28 30
N 999 0 8 10 11 14 16 17 18 19 23 24 26 29 30
N 1000 0 8 10 11 14 16 17 18 19 23 24 26 28 31
N 1001 0 8 10 11 14 16 17 19 20 23 25 26 28 30
N 1002 0 8 10 11 14 16 17 19 20 23 24 27 28 30
N 1003 0 8 10 11 14 16 17 19 20 23 24 26 29 30
N 1004 0 8 10 11 14 16 17 19 20 23 24 26 28 31
N 1005 0 8 10 11 14 16 18 19 20 23 25 26 28 30
N 1006 0 8 10 11 14 16 18 19 20 23 24 27 28 30
N 1007 0 8 10 11 14 16 18 19 20 23 24 26 29 30
N 1008 0 8 10 11 14 16 18 19 20 23 24 26 28 31
N 1009 0 8 10 11 14 16 17 18 19 22 25 27 28 30
N 1010 0 8 10 11 14 16 17 18 19 22 25 26 29 30
N 1011 0 8 10 11 14 16 17 18 19 22 25 26 28 31
N 1012 0 8 10 11 14 16 17 19 20 22 25 27 28 30
N 1013 0 8 10 11 14 16 17 19 20 22 25 26 29 30
N 1014 0 8 10 11 14 16 17 19 20 22 25 26 28 31
N 1015 0 8 10 11 14 16 18 19 20 22 25 27 28 30
N 1016 0 8 10 11 14 16 18 19 20 22 25 26 29 30
N 1017 0 8 10 11 14 16 18 19 20 22 25 26 28 31
N 1018 0 8 10 11 14 16 17 18 19 22 24 27 29 30
N 1019 0 8 10 11 14 16 17 18 19 22 24 27 28 31
N 1020 0 8 10 11 14 16 17 19 20 22 24 27 29 30
N 1021 0 8 10 11 14 16 17 19 20 22 24 27 28 31
N 1022 0 8 10 11 14 16 18 19 20 22 24 27 29 30
N 1023 0 8 10 11 14 16 18 19 20 22 24 27 28 31
N 1024 0 8 10 11 14 16 17 18 19 22 24 26 29 31
N 1025 0 8 10 11 14 16 17 19 20 22 24 26 29 31
N 1026 0 8 10 11 14 16 18 19 20 22 24 26 29 31
N 1027 0 8 10 11 14 16 17 19 21 23 25 26 28 30
N 1028 0 8 10 11 14 16 17 19 21 23 24 27 28 30
N 1029 0 8 10 11 14 16 17 19 21 23 24 26 29 30
N 1030 0 8 10 11 14 16 17 19 21 23 24 26 28 31
N 1031 0 8 10 11 14 16 18 19 21 23 25 26 28 30
N 1032 0 8 10 11 14 16 18 19 21 23 24 27 28 30
N 1033 0 8 10 11 14 16 18 19 21 23 24 26 29 30
N 1034 0 8 10 11 14 16 18 19 21 23 24 26 28 31
N 1035 0 8 10 11 14 16 17 19 21 22 25 27 28 30
N 1036 0 8 10 11 14 16 17 19 21 22 25 26 29 30
N 1037 0 8 10 11 14 16 17 19 21 22 25 26 28 31
N 1038 0 8 10 11 14 16 18 19 21 22 25 27 28 30
N 1039 0 8 10 11 14 16 18 19 21 22 25 26 29 30
N 1040 0 8 10 11 14 16 18 19 21 22 25 26 28 31
N 1041 0 8 10 11 14 16 17 19 21 22 24 27 29 30
N 1042 0 8 10 11 14 16 17 19 21 22 24 27 28 31
N 1043 0 8 10 11 14 16 18 19 21 22 24 27 29 30
N 1044 0 8 10 11 14 16 18 19 21 22 24 27 28 31
N 1045 0 8 10 11 14 16 17 19 21 22 24 26 29 31
N 1046 0 8 10 11 14 16 18 19 21 22 24 26 29 31
N 1047 0 8 10 11 14 16 19 20 21 23 25 26 28 30
N 1048 0 8 10 11 14 16 19 20 21 23 24 27 28 30
N 1049 0 8 10 11 14 16 19 20 21 23 24 26 29 30
N 1050 0 8 10 11 14 16 19 20 21 23 24 26 28 31
N 1051 0 8 10 11 14 16 19 20 21 22 25 27 28 30
N 1052 0 8 10 11 14 16 19 20 21 22 25 26 29 30
N 1053 0 8 10 11 14 16 19 20 21 22 25 26 28 31
N 1054 0 8 10 11 14 16 19 20 21 22 24 27 29 30
N 1055 0 8 10 11 14 16 19 20 21 22 24 27 28 31
N 1056 0 8 10 11 14 16 19 20 21 22 24 26 29 31
N 1057 0 8 9 12 13 16 18 20 23 25 27 28 30
N 1058 0 8 9 12 13 16 18 20 23 25 26 29 30
N 1059 0 8 9 12 13 16 18 20 23 25 26 28 31
N 1060 0 8 9 12 13 16 18 20 23 24 27 29 30
N 1061 0 8 9 12 13 16 18 20 23 24 27 28 31
N 1062 0 8 9 12 13 16 18 20 23 24 26 29 31
N 1063 0 8 9 12 13 16 18 20 22 25 27 29 30
N 1064 0 8 9 12 13 16 18 20 22 25 27 28 31
N 1065 0 8 9 12 13 16 18 20 22 25 26 29 31
N 1066 0 8 9 12 13 16 18 20 22 24 27 29 31
N 1067 0 8 10 12 13 16 17 18 19 23 25 26 28 30
N 1068 0 8 10 12 13 16 17 18 19 23 24 27 28 30
N 1069 0 8 10 12 13 16 17 18 19 23 24 26 29 30
N 1070 0 8 10 12 13 16 17 18 19 23 24 26 28 31
N 1071 0 8 10 12 13 16 17 18 20 23 25 26 28 30
N 1072 0 8 10 12 13 16 17 18 20 23 24 27 28 30
N 1073 0 8 10 12 13 16 17 18 20 23 24 26 29 30
N 1074 0 8 10 12 13 16 17 18 20 23 24 26 28 31
N 1075 0 8 10 12 13 16 18 19 20 23 25 26 28 30
N 1076 0 8 10 12 13 16 18 19 20 23 24 27 28 30
N 1077 0 8 10 12 13 16 18 19 20 23 24 26 29 30
N 1078 0 8 10 12 13 16 18 19 20 23 24 26 28 31
N 1079 0 8 10 12 13 16 17 18 19 22 25 27 28 30
N 1080 0 8 10 12 13 16 17 18 19 22 25 26 29 30
N 1081 0 8 10 12 13 16 17 18 19 22 25 26 28 31
N 1082 0 8 10 12 13 16 17 18 20 22 25 27 28 30
N 1083 0 8 10 12 13 16 17 18 20 22 25 26 29 30
N 1084 0 8 10 12 13 16 17 18 20 22 25 26 28 31
N 1085 0 8 10 12 13 16 18 19 20 22 25 27 28 30
N 1086 0 8 10 12 13 16 18 19 20 22 25 26 29 30
N 1087 0 8 10 12 13 16 18 19 20 22 25 26 28 31
N 1088 0 8 10 12 13 16 17 18 19 22 24 27 29 30
N 1089 0 8 10 12 13 16 17 18 19 22 24 27 28 31
N 1090 0 8 10 12 13 16 17 18 20 22 24 27 29 30
N 1091 0 8 10 12 13 16 17 18 20 22 24 27 28 31
N 1092 0 8 10 12 13 16 18 19 20 22 24 27 29 30
N 1093 0 8 10 12 13 16 18 19 20 22 24 27 28 31
N 1094 0 8 10 12 13 16 17 18 19 22 24 26 29 31
N 1095 0 8 10 12 13 16 17 18 20 22 24 26 29 31
N 1096 0 8 10 12 13 16 18 19 20 22 24 26 29 31
N 1097 0 8 10 12 13 16 17 18 21 23 25 26 28 30
N 1098 0 8 10 12 13 16 17 18 21 23 24 27 28 30
N 1099 0 8 10 12 13 16 17 18 21 23 24 26 29 30
N 1100 0 8 10 12 13 16 17 18 21 23 24 26 28 31
N 1101 0 8 10 12 13 16 18 19 21 23 25 26 28 30
N 1102 0 8 10 12 13 16 18 19 21 23 24 27 28 30
N 1103 0 8 10 12 13 16 18 19 21 23 24 26 29 30
N 1104 0 8 10 12 13 16 18 19 21 23 24 26 28 31
N 1105 0 8 10 12 13 16 17 18 21 22 25 27 28 30
N 1106 0 8 10 12 13 16 17 18 21 22 25 26 29 30
N 1107 0 8 10 12 13 16 17 18 21 22 25 26 28 31
N 1108 0 8 10 12 13 16 18 19 21 22 25 27 28 30
N 1109 0 8 10 12 13 16 18 19 21 22 25 26 29 30
N 1110 0 8 10 12 13 16 18 19 21 22 25 26 28 31
N 1111 0 8 10 12 13 16 17 18 21 22 24 27 29 30
N 1112 0 8 10 12 13 16 17 18 21 22 24 27 28 31
N 1113 0 8 10 12 13 16 18 19 21 22 24 27 29 30
N 1114 0 8 10 12 13 16 18 19 21 22 24 27 28 31
N 1115 0 8 10 12 13 16 17 18 21 22 24 26 29 31
N 1116 0 8 10 12 13 16 18 19 21 22 24 26 29 31
N 1117 0 8 10 12 13 16 18 20 21 23 25 26 28 30
N 1118 0 8 10 12 13 16 18 20 21 23 24 27 28 30
N 1119 0 8 10 12 13 16 18 20 21 23 24 26 29 30
N 1120 0 8 10 12 13 16 18 20 21 23 24 26 28 31
N 1121 0 8 10 12 13 16 18 20 21 22 25 27 28 30
N 1122 0 8 10 12 13 16 18 20 21 22 25 26 29 30
N 1123 0 8 10 12 13 16 18 20 21 22 25 26 28 31
N 1124 0 8 10 12 13 16 18 20 21 22 24 27 29 30
N 1125 0 8 10 12 13 16 18 20 21 22 24 27 28 31
N 1126 0 8 10 12 13 16 18 20 21 22 24 26 29 31
N 1127 0 8 9 12 14 16 17 18 20 23 25 26 28 30
N 1128 0 8 9 12 14 16 17 18 20 23 24 27 28 30
N 1129 0 8 9 12 14 16 17 18 20 23 24 26 29 30
N 1130 0 8 9 12 14 16 17 18 20 23 24 26 28 31
N 1131 0 8 9 12 14 16 17 19 20 23 25 26 28 30
N 1132 0 8 9 12 14 16 17 19 20 23 24 27 28 30
N 1133 0 8 9 12 14 16 17 19 20 23 24 26 29 30
N 1134 0 8 9 12 14 16 17 19 20 23 24 26 28 31
N 1135 0 8 9 12 14 16 18 19 20 23 25 26 28 30
N 1136 0 8 9 12 14 16 18 19 20 23 24 27 28 30
N 1137 0 8 9 12 14 16 18 19 20 23 24 26 29 30
N 1138 0 8 9 12 14 16 18 19 20 23 24 26 28 31
N 1139 0 8 9 12 14 16 17 18 20 22 25 27 28 30
N 1140 0 8 9 12 14 16 17 18 20 22 25 26 29 30
N 1141 0 8 9 12 14 16 17 18 20 22 25 26 28 31
N 1142 0 8 9 12 14 16 17 19 20 22 25 27 28 30
N 1143 0 8 9 12 14 16 17 19 20 22 25 26 29 30
N 1144 0 8 9 12 14 16 17 19 20 22 25 26 28 31
N 1145 0 8 9 12 14 16 18 19 20 22 25 27 28 30
N 1146 0 8 9 12 14 16 18 19 20 22 25 26 29 30
N 1147 0 8 9 12 14 16 18 19 20 22 25 26 28 31
N 1148 0 8 9 12 14 16 17 18 20 22 24 27 29 30
N 1149 0 8 9 12 14 16 17 18 20 22 24 27 28 31
N 1150 0 8 9 12 14 16 17 19 20 22 24 27 29 30
N 1151 0 8 9 12 14 16 17 19 20 22 24 27 28 31
N 1152 0 8 9 12 14 16 18 19 20 22 24 27 29 30
N 1153 0 8 9 12 14 16 18 19 20 22 24 27 28 31
N 1154 0 8 9 12 14 16 17 18 20 22 24 26 29 31
N 1155 0 8 9 12 14 16 17 19 20 22 24 26 29 31
N 1156 0 8 9 12 14 16 18 19 20 22 24 26 29 31
N 1157 0 8 9 12 14 16 17 20 21 23 25 26 28 30
N 1158 0 8 9 12 14 16 17 20 21 23 24 27 28 30
N 1159 0 8 9 12 14 16 17 20 21 23 24 26 29 30
N 1160 0 8 9 12 14 16 17 20 21 23 24 26 28 31
N 1161 0 8 9 12 14 16 18 20 21 23 25 26 28 30
N 1162 0 8 9 12 14 16 18 20 21 23 24 27 28 30
N 1163 0 8 9 12 14 16 18 20 21 23 24 26 29 30
N 1164 0 8 9 12 14 16 18 20 21 23 24 26 28 31
N 1165 0 8 9 12 14 16 17 20 21 22 25 27 28 30
N 1166 0 8 9 12 14 16 17 20 21 22 25 26 29 30
N 1167 0 8 9 12 14 16 17 20 21 22 25 26 28 31
N 1168 0 8 9 12 14 16 18 20 21 22 25 27 28 30
N 1169 0 8 9 12 14 16 18 20 21 22 25 26 29 30
N 1170 0 8 9 12 14 16 18 20 21 22 25 26 28 31
N 1171 0 8 9 12 14 16 17 20 21 22 24 27 29 30
N 1172 0 8 9 12 14 16 17 20 21 22 24 27 28 31
N 1173 0 8 9 12 14 16 18 20 21 22 24 27 29 30
N 1174 0 8 9 12 14 16 18 20 21 22 24 27 28 31
N 1175 0 8 9 12 14 16 17 20 21 22 24 26 29 31
N 1176 0 8 9 12 14 16 18 20 21 22 24 26 29 31
N 1177 0 8 9 12 14 16 19 20 21 23 25 26 28 30
N 1178 0 8 9 12 14 16 19 20 21 23 24 27 28 30
N 1179 0 8 9 12 14 16 19 20 21 23 24 26 29 30
N 1180 0 8 9 12 14 16 19 20 21 23 24 26 28 31
N 1181 0 8 9 12 14 16 19 20 21 22 25 27 28 30
N 1182 0 8 9 12 14 16 19 20 21 22 25 26 29 30
N 1183 0 8 9 12 14 16 19 20 21 22 25 26 28 31
N 1184 0 8 9 12 14 16 19 20 21 22 24 27 29 30
N 1185 0 8 9 12 14 16 19 20 21 22 24 27 28 31
N 1186 0 8 9 12 14 16 19 20 21 22 24 26 29 31
N 1187 0 8 10 12 14 16 17 18 19 20 23 24 26 28 30
N 1188 0 8 10 12 14 16 17 18 19 20 22 25 26 28 30
N 1189 0 8 10 12 14 16 17 18 19 20 22 24 27 28 30
N 1190 0 8 10 12 14 16 17 18 19 20 22 24 26 29 30
N 1191 0 8 10 12 14 16 17 18 19 20 22 24 26 28 31
N 1192 0 8 10 12 14 16 17 18 19 21 23 24 26 28 30
N 1193 0 8 10 12 14 16 17 18 19 21 22 25 26 28 30
N 1194 0 8 10 12 14 16 17 18 19 21 22 24 27 28 30
N 1195 0 8 10 12 14 16 17 18 19 21 22 24 26 29 30
N 1196 0 8 10 12 14 16 17 18 19 21 22 24 26 28 31
N 1197 0 8 10 12 14 16 17 18 20 21 23 24 26 28 30
N 1198 0 8 10 12 14 16 17 18 20 21 22 25 26 28 30
N 1199 0 8 10 12 14 16 17 18 20 21 22 24 27 28 30
N 1200 0 8 10 12 14 16 17 18 20 21 22 24 26 29 30
N 1201 0 8 10 12 14 16 17 18 20 21 22 24 26 28 31
N 1202 0 8 10 12 14 16 17 19 20 21 23 24 26 28 30
N 1203 0 8 10 12 14 16 17 19 20 21 22 25 26 28 30
N 1204 0 8 10 12 14 16 17 19 20 21 22 24 27 28 30
N 1205 0 8 10 12 14 16 17 19 20 21 22 24 26 29 30
N 1206 0 8 10 12 14 16 17 19 20 21 22 24 26 28 31
N 1207 0 8 10 12 14 16 18 19 20 21 23 24 26 28 30
N 1208 0 8 10 12 14 16 18 19 20 21 22 25 26 28 30
N 1209 0 8 10 12 14 16 18 19 20 21 22 24 27 28 30
N 1210 0 8 10 12 14 16 18 19 20 21 22 24 26 29 30
N 1211 0 8 10 12 14 16 18 19 20 21 22 24 26 28 31
N 1212 0 7 10 12 13 16 18 21 23 25 27 28 30
N 1213 0 7 10 12 13 16 18 21 23 25 26 29 30
N 1214 0 7 10 12 13 16 18 21 23 25 26 28 31
N 1215 0 7 10 12 13 16 18 21 23 24 27 29 30
N 1216 0 7 10 12 13 16 18 21 23 24 27 28 31
N 1217 0 7 10 12 13 16 18 21 23 24 26 29 31
N 1218 0 7 10 12 13 16 18 21 22 25 27 29 30
N 1219 0 7 10 12 13 16 18 21 22 25 27 28 31
N 1220 0 7 10 12 13 16 18 21 22 25 26 29 31
N 1221 0 7 10 12 13 16 18 21 22 24 27 29 31
N 1222 0 7 9 12 14 16 20 21 23 25 27 28 30
N 1223 0 7 9 12 14 16 20 21 23 25 26 29 30
N 1224 0 7 9 12 14 16 20 21 23 25 26 28 31
N 1225 0 7 9 12 14 16 20 21 23 24 27 29 30
N 1226 0 7 9 12 14 16 20 21 23 24 27 28 31
N 1227 0 7 9 12 14 16 20 21 23 24 26 29 31
N 1228 0 7 9 12 14 16 20 21 22 25 27 29 30
N 1229 0 7 9 12 14 16 20 21 22 25 27 28 31
N 1230 0 7 9 12 14 16 20 21 22 25 26 29 31
N 1231 0 7 9 12 14 16 20 21 22 24 27 29 31
N 1232 0 7 10 12 14 16 17 18 21 23 25 26 28 30
N 1233 0 7 10 12 14 16 17 18 21 23 24 27 28 30
N 1234 0 7 10 12 14 16 17 18 21 23 24 26 29 30
N 1235 0 7 10 12 14 16 17 18 21 23 24 26 28 31
N 1236 0 7 10 12 14 16 17 19 21 23 25 26 28 30
N 1237 0 7 10 12 14 16 17 19 21 23 24 27 28 30
N 1238 0 7 10 12 14 16 17 19 21 23 24 26 29 30
N 1239 0 7 10 12 14 16 17 19 21 23 24 26 28 31
N 1240 0 7 10 12 14 16 18 19 21 23 25 26 28 30
N 1241 0 7 10 12 14 16 18 19 21 23 24 27 28 30
N 1242 0 7 10 12 14 16 18 19 21 23 24 26 29 30
N 1243 0 7 10 12 14 16 18 19 21 23 24 26 28 31
N 1244 0 7 10 12 14 16 17 18 21 22 25 27 28 30
N 1245 0 7 10 12 14 16 17 18 21 22 25 26 29 30
N 1246 0 7 10 12 14 16 17 18 21 22 25 26 28 31
N 1247 0 7 10 12 14 16 17 19 21 22 25 27 28 30
N 1248 0 7 10 12 14 16 17 19 21 22 25 26 29 30
N 1249 0 7 10 12 14 16 17 19 21 22 25 26 28 31
N 1250 0 7 10 12 14 16 18 19 21 22 25 27 28 30
N 1251 0 7 10 12 14 16 18 19 21 22 25 26 29 30
N 1252 0 7 10 12 14 16 18 19 21 22 25 26 28 31
N 1253 0 7 10 12 14 16 17 18 21 22 24 27 29 30
N 1254 0 7 10 12 14 16 17 18 21 22 24 27 28 31
N 1255 0 7 10 12 14 16 17 19 21 22 24 27 29 30
N 1256 0 7 10 12 14 16 17 19 21 22 24 27 28 31
N 1257 0 7 10 12 14 16 18 19 21 22 24 27 29 30
N 1258 0 7 10 12 14 16 18 19 21 22 24 27 28 31
N 1259 0 7 10 12 14 16 17 18 21 22 24 26 29 31
N 1260 0 7 10 12 14 16 17 19 21 22 24 26 29 31
N 1261 0 7 10 12 14 16 18 19 21 22 24 26 29 31
N 1262 0 7 10 12 14 16 17 20 21 23 25 26 28 30
N 1263 0 7 10 12 14 16 17 20 21 23 24 27 28 30
N 1264 0 7 10 12 14 16 17 20 21 23 24 26 29 30
N 1265 0 7 10 12 14 16 17 20 21 23 24 26 28 31
N 1266 0 7 10 12 14 16 18 20 21 23 25 26 28 30
N 1267 0 7 10 12 14 16 18 20 21 23 24 27 28 30
N 1268 0 7 10 12 14 16 18 20 21 23 24 26 29 30
N 1269 0 7 10 12 14 16 18 20 21 23 24 26 28 31
N 1270 0 7 10 12 14 16 17 20 21 22 25 27 28 30
N 1271 0 7 10 12 14 16 17 20 21 22 25 26 29 30
N 1272 0 7 10 12 14 16 17 20 21 22 25 26 28 31
N 1273 0 7 10 12 14 16 18 20 21 22 25 27 28 30
N 1274 0 7 10 12 14 16 18 20 21 22 25 26 29 30
N 1275 0 7 10 12 14 16 18 20 21 22 25 26 28 31
N 1276 0 7 10 12 14 16 17 20 21 22 24 27 29 30
N 1277 0 7 10 12 14 16 17 20 21 22 24 27 28 31
N 1278 0 7 10 12 14 16 18 20 21 22 24 27 29 30
N 1279 0 7 10 12 14 16 18 20 21 22 24 27 28 31
N 1280 0 7 10 12 14 16 17 20 21 22 24 26 29 31
N 1281 0 7 10 12 14 16 18 20 21 22 24 26 29 31
N 1282 0 7 10 12 14 16 19 20 21 23 25 26 28 30
N 1283 0 7 10 12 14 16 19 20 21 23 24 27 28 30
N 1284 0 7 10 12 14 16 19 20 21 23 24 26 29 30
N 1285 0 7 10 12 14 16 19 20 21 23 24 26 28 31
N 1286 0 7 10 12 14 16 19 20 21 22 25 27 28 30
N 1287 0 7 10 12 14 16 19 20 21 22 25 26 29 30
N 1288 0 7 10 12 14 16 19 20 21 22 25 26 28 31
N 1289 0 7 10 12 14 16 19 20 21 22 24 27 29 30
N 1290 0 7 10 12 14 16 19 20 21 22 24 27 28 31
N 1291 0 7 10 12 14 16 19 20 21 22 24 26 29 31
N 1292 0 8 10 12 14 15 17 18 23 25 27 28 30
N 1293 0 8 10 12 14 15 17 18 23 25 26 29 30
N 1294 0 8 10 12 14 15 17 18 23 25 26 28 31
N 1295 0 8 10 12 14 15 17 19 23 25 27 28 30
N 1296 0 8 10 12 14 15 17 19 23 25 26 29 30
N 1297 0 8 10 12 14 15 17 19 23 25 26 28 31
N 1298 0 8 10 12 14 15 17 18 23 24 27 29 30
N 1299 0 8 10 12 14 15 17 18 23 24 27 28 31
N 1300 0 8 10 12 14 15 17 19 23 24 27 29 30
N 1301 0 8 10 12 14 15 17 19 23 24 27 28 31
N 1302 0 8 10 12 14 15 17 18 23 24 26 29 31
N 1303 0 8 10 12 14 15 17 19 23 24 26 29 31
N 1304 0 8 10 12 14 15 17 20 23 25 27 28 30
N 1305 0 8 10 12 14 15 17 20 23 25 26 29 30
N 1306 0 8 10 12 14 15 17 20 23 25 26 28 31
N 1307 0 8 10 12 14 15 17 20 23 24 27 29 30
N 1308 0 8 10 12 14 15 17 20 23 24 27 28 31
N 1309 0 8 10 12 14 15 17 20 23 24 26 29 31
N 1310 0 8 10 12 14 15 17 18 22 25 27 29 30
N 1311 0 8 10 12 14 15 17 18 22 25 27 28 31
N 1312 0 8 10 12 14 15 17 19 22 25 27 29 30
N 1313 0 8 10 12 14 15 17 19 22 25 27 28 31
N 1314 0 8 10 12 14 15 17 18 22 25 26 29 31
N 1315 0 8 10 12 14 15 17 19 22 25 26 29 31
N 1316 0 8 10 12 14 15 17 20 22 25 27 29 30
N 1317 0 8 10 12 14 15 17 20 22 25 27 28 31
N 1318 0 8 10 12 14 15 17 20 22 25 26 29 31
N 1319 0 8 10 12 14 15 17 18 22 24 27 29 31
N 1320 0 8 10 12 14 15 17 19 22 24 27 29 31
N 1321 0 8 10 12 14 15 17 20 22 24 27 29 31
N 1322 0 8 10 12 14 15 17 21 23 25 27 28 30
N 1323 0 8 10 12 14 15 17 21 23 25 26 29 30
N 1324 0 8 10 12 14 15 17 21 23 25 26 28 31
N 1325 0 8 10 12 14 15 17 21 23 24 27 29 30
N 1326 0 8 10 12 14 15 17 21 23 24 27 28 31
N 1327 0 8 10 12 14 15 17 21 23 24 26 29 31
N 1328 0 8 10 12 14 15 17 21 22 25 27 29 30
N 1329 0 8 10 12 14 15 17 21 22 25 27 28 31
N 1330 0 8 10 12 14 15 17 21 22 25 26 29 31
N 1331 0 8 10 12 14 15 17 21 22 24 27 29 31
N 1332 0 8 10 11 14 16 17 19 23 25 27 28 30
N 1333 0 8 10 11 14 16 17 19 23 25 26 29 30
N 1334 0 8 10 11 14 16 17 19 23 25 26 28 31
N 1335 0 8 10 11 14 16 18 19 23 25 27 28 30
N 1336 0 8 10 11 14 16 18 19 23 25 26 29 30
N 1337 0 8 10 11 14 16 18 19 23 25 26 28 31
N 1338 0 8 10 11 14 16 17 19 23 24 27 29 30
N 1339 0 8 10 11 14 16 17 19 23 24 27 28 31
N 1340 0 8 10 11 14 16 18 19 23 24 27 29 30
N 1341 0 8 10 11 14 16 18 19 23 24 27 28 31
N 1342 0 8 10 11 14 16 17 19 23 24 26 29 31
N 1343 0 8 10 11 14 16 18 19 23 24 26 29 31
N 1344 0 8 10 11 14 16 19 20 23 25 27 28 30
N 1345 0 8 10 11 14 16 19 20 23 25 26 29 30
N 1346 0 8 10 11 14 16 19 20 23 25 26 28 31
N 1347 0 8 10 11 14 16 19 20 23 24 27 29 30
N 1348 0 8 10 11 14 16 19 20 23 24 27 28 31
N 1349 0 8 10 11 14 16 19 20 23 24 26 29 31
N 1350 0 8 10 11 14 16 17 19 22 25 27 29 30
N 1351 0 8 10 11 14 16 17 19 22 25 27 28 31
N 1352 0 8 10 11 14 16 18 19 22 25 27 29 30
N 1353 0 8 10 11 14 16 18 19 22 25 27 28 31
N 1354 0 8 10 11 14 16 17 19 22 25 26 29 31
N 1355 0 8 10 11 14 16 18 19 22 25 26 29 31
N 1356 0 8 10 11 14 16 19 20 22 25 27 29 30
N 1357 0 8 10 11 14 16 19 20 22 25 27 28 31
N 1358 0 8 10 11 14 16 19 20 22 25 26 29 31
N 1359 0 8 10 11 14 16 17 19 22 24 27 29 31
N 1360 0 8 10 11 14 16 18 19 22 24 27 29 31
N 1361 0 8 10 11 14 16 19 20 22 24 27 29 31
N 1362 0 8 10 11 14 16 19 21 23 25 27 28 30
N 1363 0 8 10 11 14 16 19 21 23 25 26 29 30
N 1364 0 8 10 11 14 16 19 21 23 25 26 28 31
N 1365 0 8 10 11 14 16 19 21 23 24 27 29 30
N 1366 0 8 10 11 14 16 19 21 23 24 27 28 31
N 1367 0 8 10 11 14 16 19 21 23 24 26 29 31
N 1368 0 8 10 11 14 16 19 21 22 25 27 29 30
N 1369 0 8 10 11 14 16 19 21 22 25 27 28 31
N 1370 0 8 10 11 14 16 19 21 22 25 26 29 31
N 1371 0 8 10 11 14 16 19 21 22 24 27 29 31
N 1372 0 8 10 12 13 16 17 18 23 25 27 28 30
N 1373 0 8 10 12 13 16 17 18 23 25 26 29 30
N 1374 0 8 10 12 13 16 17 18 23 25 26 28 31
N 1375 0 8 10 12 13 16 18 19 23 25 27 28 30
N 1376 0 8 10 12 13 16 18 19 23 25 26 29 30
N 1377 0 8 10 12 13 16 18 19 23 25 26 28 31
N 1378 0 8 10 12 13 16 17 18 23 24 27 29 30
N 1379 0 8 10 12 13 16 17 18 23 24 27 28 31
N 1380 0 8 10 12 13 16 18 19 23 24 27 29 30
N 1381 0 8 10 12 13 16 18 19 23 24 27 28 31
N 1382 0 8 10 12 13 16 17 18 23 24 26 29 31
N 1383 0 8 10 12 13 16 18 19 23 24 26 29 31
N 1384 0 8 10 12 13 16 18 20 23 25 27 28 30
N 1385 0 8 10 12 13 16 18 20 23 25 26 29 30
N 1386 0 8 10 12 13 16 18 20 23 25 26 28 31
N 1387 0 8 10 12 13 16 18 20 23 24 27 29 30
N 1388 0 8 10 12 13 16 18 20 23 24 27 28 31
N 1389 0 8 10 12 13 16 18 20 23 24 26 29 31
N 1390 0 8 10 12 13 16 17 18 22 25 27 29 30
N 1391 0 8 10 12 13 16 17 18 22 25 27 28 31
N 1392 0 8 10 12 13 16 18 19 22 25 27 29 30
N 1393 0 8 10 12 13 16 18 19 22 25 27 28 31
N 1394 0 8 10 12 13 16 17 18 22 25 26 29 31
N 1395 0 8 10 12 13 16 18 19 22 25 26 29 31
N 1396 0 8 10 12 13 16 18 20 22 25 27 29 30
N 1397 0 8 10 12 13 16 18 20 22 25 27 28 31
N 1398 0 8 10 12 13 16 18 20 22 25 26 29 31
N 1399 0 8 10 12 13 16 17 18 22 24 27 29 31
N 1400 0 8 10 12 13 16 18 19 22 24 27 29 31
N 1401 0 8 10 12 13 16 18 20 22 24 27 29 31
N 1402 0 8 10 12 13 16 18 21 23 25 27 28 30
N 1403 0 8 10 12 13 16 18 21 23 25 26 29 30
N 1404 0 8 10 12 13 16 18 21 23 25 26 28 31
N 1405 0 8 10 12 13 16 18 21 23 24 27 29 30
N 1406 0 8 10 12 13 16 18 21 23 24 27 28 31
N 1407 0 8 10 12 13 16 18 21 23 24 26 29 31
N 1408 0 8 10 12 13 16 18 21 22 25 27 29 30
N 1409 0 8 10 12 13 16 18 21 22 25 27 28 31
N 1410 0 8 10 12 13 16 18 21 22 25 26 29 31
N 1411 0 8 10 12 13 16 18 21 22 24 27 29 31
N 1412 0 8 9 12 14 16 17 20 23 25 27 28 30
N 1413 0 8 9 12 14 16 17 20 23 25 26 29 30
N 1414 0 8 9 12 14 16 17 20 23 25 26 28 31
N 1415 0 8 9 12 14 16 18 20 23 25 27 28 30
N 1416 0 8 9 12 14 16 18 20 23 25 26 29 30
N 1417 0 8 9 12 14 16 18 20 23 25 26 28 31
N 1418 0 8 9 12 14 16 17 20 23 24 27 29 30
N 1419 0 8 9 12 14 16 17 20 23 24 27 28 31
N 1420 0 8 9 12 14 16 18 20 23 24 27 29 30
N 1421 0 8 9 12 14 16 18 20 23 24 27 28 31
N 1422 0 8 9 12 14 16 17 20 23 24 26 29 31
N 1423 0 8 9 12 14 16 18 20 23 24 26 29 31
N 1424 0 8 9 12 14 16 19 20 23 25 27 28 30
N 1425 0 8 9 12 14 16 19 20 23 25 26 29 30
N 1426 0 8 9 12 14 16 19 20 23 25 26 28 31
N 1427 0 8 9 12 14 16 19 20 23 24 27 29 30
N 1428 0 8 9 12 14 16 19 20 23 24 27 28 31
N 1429 0 8 9 12 14 16 19 20 23 24 26 29 31
N 1430 0 8 9 12 14 16 17 20 22 25 27 29 30
N 1431 0 8 9 12 14 16 17 20 22 25 27 28 31
N 1432 0 8 9 12 14 16 18 20 22 25 27 29 30
N 1433 0 8 9 12 14 16 18 20 22 25 27 28 31
N 1434 0 8 9 12 14 16 17 20 22 25 26 29 31
N 1435 0 8 9 12 14 16 18 20 22 25 26 29 31
N 1436 0 8 9 12 14 16 19 20 22 25 27 29 30
N 1437 0 8 9 12 14 16 19 20 22 25 27 28 31
N 1438 0 8 9 12 14 16 19 20 22 25 26 29 31
N 1439 0 8 9 12 14 16 17 20 22 24 27 29 31
N 1440 0 8 9 12 14 16 18 20 22 24 27 29 31
N 1441 0 8 9 12 14 16 19 20 22 24 27 29 31
N 1442 0 8 9 12 14 16 20 21 23 25 27 28 30
N 1443 0 8 9 12 14 16 20 21 23 25 26 29 30
N 1444 0 8 9 12 14 16 20 21 23 25 26 28 31
N 1445 0 8 9 12 14 16 20 21 23 24 27 29 30
N 1446 0 8 9 12 14 16 20 21 23 24 27 28 31
N 1447 0 8 9 12 14 16 20 21 23 24 26 29 31
N 1448 0 8 9 12 14 16 20 21 22 25 27 29 30
N 1449 0 8 9 12 14 16 20 21 22 25 27 28 31
N 1450 0 8 9 12 14 16 20 21 22 25 26 29 31
N 1451 0 8 9 12 14 16 20 21 22 24 27 29 31
N 1452 0 8 10 12 14 16 17 18 19 23 25 26 28 30
N 1453 0 8 10 12 14 16 17 18 19 23 24 27 28 30
N 1454 0 8 10 12 14 16 17 18 19 23 24 26 29 30
N 1455 0 8 10 12 14 16 17 18 19 23 24 26 28 31
N 1456 0 8 10 12 14 16 17 18 20 23 25 26 28 30
N 1457 0 8 10 12 14 16 17 18 20 23 24 27 28 30
N 1458 0 8 10 12 14 16 17 18 20 23 24 26 29 30
N 1459 0 8 10 12 14 16 17 18 20 23 24 26 28 31
N 1460 0 8 10 12 14 16 17 19 20 23 25 26 28 30
N 1461 0 8 10 12 14 16 17 19 20 23 24 27 28 30
N 1462 0 8 10 12 14 16 17 19 20 23 24 26 29 30
N 1463 0 8 10 12 14 16 17 19 20 23 24 26 28 31
N 1464 0 8 10 12 14 16 18 19 20 23 25 26 28 30
N 1465 0 8 10 12 14 16 18 19 20 23 24 27 28 30
N 1466 0 8 10 12 14 16 18 19 20 23 24 26 29 30
N 1467 0 8 10 12 14 16 18 19 20 23 24 26 28 31
N 1468 0 8 10 12 14 16 17 18 19 22 25 27 28 30
N 1469 0 8 10 12 14 16 17 18 19 22 25 26 29 30
N 1470 0 8 10 12 14 16 17 18 19 22 25 26 28 31
N 1471 0 8 10 12 14 16 17 18 20 22 25 27 28 30
N 1472 0 8 10 12 14 16 17 18 20 22 25 26 29 30
N 1473 0 8 10 12 14 16 17 18 20 22 25 26 28 31
N 1474 0 8 10 12 14 16 17 19 20 22 25 27 28 30
N 1475 0 8 10 12 14 16 17 19 20 22 25 26 29 30
N 1476 0 8 10 12 14 16 17 19 20 22 25 26 28 31
N 1477 0 8 10 12 14 16 18 19 20 22 25 27 28 30
N 1478 0 8 10 12 14 16 18 19 20 22 25 26 29 30
N 1479 0 8 10 12 14 16 18 19 20 22 25 26 28 31
N 1480 0 8 10 12 14 16 17 18 19 22 24 27 29 30
N 1481 0 8 10 12 14 16 17 18 19 22 24 27 28 31
N 1482 0 8 10 12 14 16 17 18 20 22 24 27 29 30
N 1483 0 8 10 12 14 16 17 18 20 22 24 27 28 31
N 1484 0 8 10 12 14 16 17 19 20 22 24 27 29 30
N 1485 0 8 10 12 14 16 17 19 20 22 24 27 28 31
N 1486 0 8 10 12 14 16 18 19 20 22 24 27 29 30
N 1487 0 8 10 12 14 16 18 19 20 22 24 27 28 31
N 1488 0 8 10 12 14 16 17 18 19 22 24 26 29 31
N 1489 0 8 10 12 14 16 17 18 20 22 24 26 29 31
N 1490 0 8 10 12 14 16 17 19 20 22 24 26 29 31
N 1491 0 8 10 12 14 16 18 19 20 22 24 26 29 31
N 1492 0 8 10 12 14 16 17 18 21 23 25 26 28 30
N 1493 0 8 10 12 14 16 17 18 21 23 24 27 28 30
N 1494 0 8 10 12 14 16 17 18 21 23 24 26 29 30
N 1495 0 8 10 12 14 16 17 18 21 23 24 26 28 31
N 1496 0 8 10 12 14 16 17 19 21 23 25 26 28 30
N 1497 0 8 10 12 14 16 17 19 21 23 24 27 28 30
N 1498 0 8 10 12 14 16 17 19 21 23 24 26 29 30
N 1499 0 8 10 12 14 16 17 19 21 23 24 26 28 31
N 1500 0 8 10 12 14 16 18 19 21 23 25 26 28 30
N 1501 0 8 10 12 14 16 18 19 21 23 24 27 28 30
N 1502 0 8 10 12 14 16 18 19 21 23 24 26 29 30
N 1503 0 8 10 12 14 16 18 19 21 23 24 26 28 31
N 1504 0 8 10 12 14 16 17 18 21 22 25 27 28 30
N 1505 0 8 10 12 14 16 17 18 21 22 25 26 29 30
N 1506 0 8 10 12 14 16 17 18 21 22 25 26 28 31
N 1507 0 8 10 12 14 16 17 19 21 22 25 27 28 30
N 1508 0 8 10 12 14 16 17 19 21 22 25 26 29 30
N 1509 0 8 10 12 14 16 17 19 21 22 25 26 28 31
N 1510 0 8 10 12 14 16 18 19 21 22 25 27 28 30
N 1511 0 8 10 12 14 16 18 19 21 22 25 26 29 30
N 1512 0 8 10 12 14 16 18 19 21 22 25 26 28 31
N 1513 0 8 10 12 14 16 17 18 21 22 24 27 29 30
N 1514 0 8 10 12 14 16 17 18 21 22 24 27 28 31
N 1515 0 8 10 12 14 16 17 19 21 22 24 27 29 30
N 1516 0 8 10 12 14 16 17 19 21 22 24 27 28 31
N 1517 0 8 10 12 14 16 18 19 21 22 24 27 29 30
N 1518 0 8 10 12 14 16 18 19 21 22 24 27 28 31
N 1519 0 8 10 12 14 16 17 18 21 22 24 26 29 31
N 1520 0 8 10 12 14 16 17 19 21 22 24 26 29 31
N 1521 0 8 10 12 14 16 18 19 21 22 24 26 29 31
N 1522 0 8 10 12 14 16 17 20 21 23 25 26 28 30
N 1523 0 8 10 12 14 16 17 20 21 23 24 27 28 30
N 1524 0 8 10 12 14 16 17 20 21 23 24 26 29 30
N 1525 0 8 10 12 14 16 17 20 21 23 24 26 28 31
N 1526 0 8 10 12 14 16 18 20 21 23 25 26 28 30
N 1527 0 8 10 12 14 16 18 20 21 23 24 27 28 30
N 1528 0 8 10 12 14 16 18 20 21 23 24 26 29 30
N 1529 0 8 10 12 14 16 18 20 21 23 24 26 28 31
N 1530 0 8 10 12 14 16 17 20 21 22 25 27 28 30
N 1531 0 8 10 12 14 16 17 20 21 22 25 26 29 30
N 1532 0 8 10 12 14 16 17 20 21 22 25 26 28 31
N 1533 0 8 10 12 14 16 18 20 21 22 25 27 28 30
N 1534 0 8 10 12 14 16 18 20 21 22 25 26 29 30
N 1535 0 8 10 12 14 16 18 20 21 22 25 26 28 31
N 1536 0 8 10 12 14 16 17 20 21 22 24 27 29 30
N 1537 0 8 10 12 14 16 17 20 21 22 24 27 28 31
N 1538 0 8 10 12 14 16 18 20 21 22 24 27 29 30
N 1539 0 8 10 12 14 16 18 20 21 22 24 27 28 31
N 1540 0 8 10 12 14 16 17 20 21 22 24 26 29 31
N 1541 0 8 10 12 14 16 18 20 21 22 24 26 29 31
N 1542 0 8 10 12 14 16 19 20 21 23 25 26 28 30
N 1543 0 8 10 12 14 16 19 20 21 23 24 27 28 30
N 1544 0 8 10 12 14 16 19 20 21 23 24 26 29 30
N 1545 0 8 10 12 14 16 19 20 21 23 24 26 28 31
N 1546 0 8 10 12 14 16 19 20 21 22 25 27 28 30
N 1547 0 8 10 12 14 16 19 20 21 22 25 26 29 30
N 1548 0 8 10 12 14 16 19 20 21 22 25 26 28 31
N 1549 0 8 10 12 14 16 19 20 21 22 24 27 29 30
N 1550 0 8 10 12 14 16 19 20 21 22 24 27 28 31
N 1551 0 8 10 12 14 16 19 20 21 22 24 26 29 31
N 1552 0 7 10 12 14 16 17 21 23 25 27 28 30
N 1553 0 7 10 12 14 16 17 21 23 25 26 29 30
N 1554 0 7 10 12 14 16 17 21 23 25 26 28 31
N 1555 0 7 10 12 14 16 18 21 23 25 27 28 30
N 1556 0 7 10 12 14 16 18 21 23 25 26 29 30
N 1557 0 7 10 12 14 16 18 21 23 25 26 28 31
N 1558 0 7 10 12 14 16 17 21 23 24 27 29 30
N 1559 0 7 10 12 14 16 17 21 23 24 27 28 31
N 1560 0 7 10 12 14 16 18 21 23 24 27 29 30
N 1561 0 7 10 12 14 16 18 21 23 24 27 28 31
N 1562 0 7 10 12 14 16 17 21 23 24 26 29 31
N 1563 0 7 10 12 14 16 18 21 23 24 26 29 31
N 1564 0 7 10 12 14 16 19 21 23 25 27 28 30
N 1565 0 7 10 12 14 16 19 21 23 25 26 29 30
N 1566 0 7 10 12 14 16 19 21 23 25 26 28 31
N 1567 0 7 10 12 14 16 19 21 23 24 27 29 30
N 1568 0 7 10 12 14 16 19 21 23 24 27 28 31
N 1569 0 7 10 12 14 16 19 21 23 24 26 29 31
N 1570 0 7 10 12 14 16 17 21 22 25 27 29 30
N 1571 0 7 10 12 14 16 17 21 22 25 27 28 31
N 1572 0 7 10 12 14 16 18 21 22 25 27 29 30
N 1573 0 7 10 12 14 16 18 21 22 25 27 28 31
N 1574 0 7 10 12 14 16 17 21 22 25 26 29 31
N 1575 0 7 10 12 14 16 18 21 22 25 26 29 31
N 1576 0 7 10 12 14 16 19 21 22 25 27 29 30
N 1577 0 7 10 12 14 16 19 21 22 25 27 28 31
N 1578 0 7 10 12 14 16 19 21 22 25 26 29 31
N 1579 0 7 10 12 14 16 17 21 22 24 27 29 31
N 1580 0 7 10 12 14 16 18 21 22 24 27 29 31
N 1581 0 7 10 12 14 16 19 21 22 24 27 29 31
N 1582 0 7 10 12 14 16 20 21 23 25 27 28 30
N 1583 0 7 10 12 14 16 20 21 23 25 26 29 30
N 1584 0 7 10 12 14 16 20 21 23 25 26 28 31
N 1585 0 7 10 12 14 16 20 21 23 24 27 29 30
N 1586 0 7 10 12 14 16 20 21 23 24 27 28 31
N 1587 0 7 10 12 14 16 20 21 23 24 26 29 31
N 1588 0 7 10 12 14 16 20 21 22 25 27 29 30
N 1589 0 7 10 12 14 16 20 21 22 25 27 28 31
N 1590 0 7 10 12 14 16 20 21 22 25 26 29 31
N 1591 0 7 10 12 14 16 20 21 22 24 27 29 31
N 1592 0 8 10 12 14 15 17 23 25 27 29 30
N 1593 0 8 10 12 14 15 17 23 25 27 28 31
N 1594 0 8 10 12 14 15 17 23 25 26 29 31
N 1595 0 8 10 12 14 15 17 23 24 27 29 31
N 1596 0 8 10 12 14 15 17 22 25 27 29 31
N 1597 0 8 10 11 14 16 19 23 25 27 29 30
N 1598 0 8 10 11 14 16 19 23 25 27 28 31
N 1599 0 8 10 11 14 16 19 23 25 26 29 31
N 1600 0 8 10 11 14 16 19 23 24 27 29 31
N 1601 0 8 10 11 14 16 19 22 25 27 29 31
N 1602 0 8 10 12 13 16 18 23 25 27 29 30
N 1603 0 8 10 12 13 16 18 23 25 27 28 31
N 1604 0 8 10 12 13 16 18 23 25 26 29 31
N 1605 0 8 10 12 13 16 18 23 24 27 29 31
N 1606 0 8 10 12 13 16 18 22 25 27 29 31
N 1607 0 8 9 12 14 16 20 23 25 27 29 30
N 1608 0 8 9 12 14 16 20 23 25 27 28 31
N 1609 0 8 9 12 14 16 20 23 25 26 29 31
N 1610 0 8 9 12 14 16 20 23 24 27 29 31
N 1611 0 8 9 12 14 16 20 22 25 27 29 31
N 1612 0 8 10 12 14 16 17 18 23 25 27 28 30
N 1613 0 8 10 12 14 16 17 18 23 25 26 29 30
N 1614 0 8 10 12 14 16 17 18 23 25 26 28 31
N 1615 0 8 10 12 14 16 17 19 23 25 27 28 30
N 1616 0 8 10 12 14 16 17 19 23 25 26 29 30
N 1617 0 8 10 12 14 16 17 19 23 25 26 28 31
N 1618 0 8 10 12 14 16 18 19 23 25 27 28 30
N 1619 0 8 10 12 14 16 18 19 23 25 26 29 30
N 1620 0 8 10 12 14 16 18 19 23 25 26 28 31
N 1621 0 8 10 12 14 16 17 18 23 24 27 29 30
N 1622 0 8 10 12 14 16 17 18 23 24 27 28 31
N 1623 0 8 10 12 14 16 17 19 23 24 27 29 30
N 1624 0 8 10 12 14 16 17 19 23 24 27 28 31
N 1625 0 8 10 12 14 16 18 19 23 24 27 29 30
N 1626 0 8 10 12 14 16 18 19 23 24 27 28 31
N 1627 0 8 10 12 14 16 17 18 23 24 26 29 31
N 1628 0 8 10 12 14 16 17 19 23 24 26 29 31
N 1629 0 8 10 12 14 16 18 19 23 24 26 29 31
N 1630 0 8 10 12 14 16 17 20 23 25 27 28 30
N 1631 0 8 10 12 14 16 17 20 23 25 26 29 30
N 1632 0 8 10 12 14 16 17 20 23 25 26 28 31
N 1633 0 8 10 12 14 16 18 20 23 25 27 28 30
N 1634 0 8 10 12 14 16 18 20 23 25 26 29 30
N 1635 0 8 10 12 14 16 18 20 23 25 26 28 31
N 1636 0 8 10 12 14 16 17 20 23 24 27 29 30
N 1637 0 8 10 12 14 16 17 20 23 24 27 28 31
N 1638 0 8 10 12 14 16 18 20 23 24 27 29 30
N 1639 0 8 10 12 14 16 18 20 23 24 27 28 31
N 1640 0 8 10 12 14 16 17 20 23 24 26 29 31
N 1641 0 8 10 12 14 16 18 20 23 24 26 29 31
N 1642 0 8 10 12 14 16 19 20 23 25 27 28 30
N 1643 0 8 10 12 14 16 19 20 23 25 26 29 30
N 1644 0 8 10 12 14 16 19 20 23 25 26 28 31
N 1645 0 8 10 12 14 16 19 20 23 24 27 29 30
N 1646 0 8 10 12 14 16 19 20 23 24 27 28 31
N 1647 0 8 10 12 14 16 19 20 23 24 26 29 31
N 1648 0 8 10 12 14 16 17 18 22 25 27 29 30
N 1649 0 8 10 12 14 16 17 18 22 25 27 28 31
N 1650 0 8 10 12 14 16 17 19 22 25 27 29 30
N 1651 0 8 10 12 14 16 17 19 22 25 27 28 31
N 1652 0 8 10 12 14 16 18 19 22 25 27 29 30
N 1653 0 8 10 12 14 16 18 19 22 25 27 28 31
N 1654 0 8 10 12 14 16 17 18 22 25 26 29 31
N 1655 0 8 10 12 14 16 17 19 22 25 26 29 31
N 1656 0 8 10 12 14 16 18 19 22 25 26 29 31
N 1657 0 8 10 12 14 16 17 20 22 25 27 29 30
N 1658 0 8 10 12 14 16 17 20 22 25 27 28 31
N 1659 0 8 10 12 14 16 18 20 22 25 27 29 30
N 1660 0 8 10 12 14 16 18 20 22 25 27 28 31
N 1661 0 8 10 12 14 16 17 20 22 25 26 29 31
N 1662 0 8 10 12 14 16 18 20 22 25 26 29 31
N 1663 0 8 10 12 14 16 19 20 22 25 27 29 30
N 1664 0 8 10 12 14 16 19 20 22 25 27 28 31
N 1665 0 8 10 12 14 16 19 20 22 25 26 29 31
N 1666 0 8 10 12 14 16 17 18 22 24 27 29 31
N 1667 0 8 10 12 14 16 17 19 22 24 27 29 31
N 1668 0 8 10 12 14 16 18 19 22 24 27 29 31
N 1669 0 8 10 12 14 16 17 20 22 24 27 29 31
N 1670 0 8 10 12 14 16 18 20 22 24 27 29 31
N 1671 0 8 10 12 14 16 19 20 22 24 27 29 31
N 1672 0 8 10 12 14 16 17 21 23 25 27 28 30
N 1673 0 8 10 12 14 16 17 21 23 25 26 29 30
N 1674 0 8 10 12 14 16 17 21 23 25 26 28 31
N 1675 0 8 10 12 14 16 18 21 23 25 27 28 30
N 1676 0 8 10 12 14 16 18 21 23 25 26 29 30
N 1677 0 8 10 12 14 16 18 21 23 25 26 28 31
N 1678 0 8 10 12 14 16 17 21 23 24 27 29 30
N 1679 0 8 10 12 14 16 17 21 23 24 27 28 31
N 1680 0 8 10 12 14 16 18 21 23 24 27 29 30
N 1681 0 8 10 12 14 16 18 21 23 24 27 28 31
N 1682 0 8 10 12 14 16 17 21 23 24 26 29 31
N 1683 0 8 10 12 14 16 18 21 23 24 26 29 31
N 1684 0 8 10 12 14 16 19 21 23 25 27 28 30
N 1685 0 8 10 12 14 16 19 21 23 25 26 29 30
N 1686 0 8 10 12 14 16 19 21 23 25 26 28 31
N 1687 0 8 10 12 14 16 19 21 23 24 27 29 30
N 1688 0 8 10 12 14 16 19 21 23 24 27 28 31
N 1689 0 8 10 12 14 16 19 21 23 24 26 29 31
N 1690 0 8 10 12 14 16 17 21 22 25 27 29 30
N 1691 0 8 10 12 14 16 17 21 22 25 27 28 31
N 1692 0 8 10 12 14 16 18 21 22 25 27 29 30
N 1693 0 8 10 12 14 16 18 21 22 25 27 28 31
N 1694 0 8 10 12 14 16 17 21 22 25 26 29 31
N 1695 0 8 10 12 14 16 18 21 22 25 26 29 31
N 1696 0 8 10 12 14 16 19 21 22 25 27 29 30
N 1697 0 8 10 12 14 16 19 21 22 25 27 28 31
N 1698 0 8 10 12 14 16 19 21 22 25 26 29 31
N 1699 0 8 10 12 14 16 17 21 22 24 27 29 31
N 1700 0 8 10 12 14 16 18 21 22 24 27 29 31
N 1701 0 8 10 12 14 16 19 21 22 24 27 29 31
N 1702 0 8 10 12 14 16 20 21 23 25 27 28 30
N 1703 0 8 10 12 14 16 20 21 23 25 26 29 30
N 1704 0 8 10 12 14 16 20 21 23 25 26 28 31
N 1705 0 8 10 12 14 16 20 21 23 24 27 29 30
N 1706 0 8 10 12 14 16 20 21 23 24 27 28 31
N 1707 0 8 10 12 14 16 20 21 23 24 26 29 31
N 1708 0 8 10 12 14 16 20 21 22 25 27 29 30
N 1709 0 8 10 12 14 16 20 21 22 25 27 28 31
N 1710 0 8 10 12 14 16 20 21 22 25 26 29 31
N 1711 0 8 10 12 14 16 20 21 22 24 27 29 31
N 1712 0 7 10 12 14 16 21 23 25 27 29 30
N 1713 0 7 10 12 14 16 21 23 25 27 28 31
N 1714 0 7 10 12 14 16 21 23 25 26 29 31
N 1715 0 7 10 12 14 16 21 23 24 27 29 31
N 1716 0 7 10 12 14 16 21 22 25 27 29 31
N 1717 0 8 10 12 14 16 17 23 25 27 29 30
N 1718 0 8 10 12 14 16 17 23 25 27 28 31
N 1719 0 8 10 12 14 16 18 23 25 27 29 30
N 1720 0 8 10 12 14 16 18 23 25 27 28 31
N 1721 0 8 10 12 14 16 17 23 25 26 29 31
N 1722 0 8 10 12 14 16 18 23 25 26 29 31
N 1723 0 8 10 12 14 16 19 23 25 27 29 30
N 1724 0 8 10 12 14 16 19 23 25 27 28 31
N 1725 0 8 10 12 14 16 19 23 25 26 29 31
N 1726 0 8 10 12 14 16 17 23 24 27 29 31
N 1727 0 8 10 12 14 16 18 23 24 27 29 31
N 1728 0 8 10 12 14 16 19 23 24 27 29 31
N 1729 0 8 10 12 14 16 20 23 25 27 29 30
N 1730 0 8 10 12 14 16 20 23 25 27 28 31
N 1731 0 8 10 12 14 16 20 23 25 26 29 31
N 1732 0 8 10 12 14 16 20 23 24 27 29 31
N 1733 0 8 10 12 14 16 17 22 25 27 29 31
N 1734 0 8 10 12 14 16 18 22 25 27 29 31
N 1735 0 8 10 12 14 16 19 22 25 27 29 31
N 1736 0 8 10 12 14 16 20 22 25 27 29 31
N 1737 0 8 10 12 14 16 21 23 25 27 29 30
N 1738 0 8 10 12 14 16 21 23 25 27 28 31
N 1739 0 8 10 12 14 16 21 23 25 26 29 31
N 1740 0 8 10 12 14 16 21 23 24 27 29 31
N 1741 0 8 10 12 14 16 21 22 25 27 29 31
G 1742 0 8 10 12 14 16 23 25 27 29 31
